0.02 0.02 0.00037637
0.04 0.02 0.000737221
0.06 0.02 0.00108248
0.08 0.02 0.001412
0.1 0.02 0.00172566
0.12 0.02 0.00202342
0.14 0.02 0.00230519
0.16 0.02 0.00257085
0.18 0.02 0.00282043
0.2 0.02 0.00305381
0.22 0.02 0.00327107
0.24 0.02 0.00347206
0.26 0.02 0.00365678
0.28 0.02 0.00382526
0.3 0.02 0.00397736
0.32 0.02 0.0041134
0.34 0.02 0.0042332
0.36 0.02 0.00433689
0.38 0.02 0.00442458
0.4 0.02 0.00449613
0.42 0.02 0.00455191
0.44 0.02 0.00459193
0.46 0.02 0.00461604
0.48 0.02 0.00462468
0.5 0.02 0.00461805
0.52 0.02 0.00459577
0.54 0.02 0.00455839
0.56 0.02 0.00450628
0.58 0.02 0.00443899
0.6 0.02 0.0043571
0.62 0.02 0.00426094
0.64 0.02 0.00415024
0.66 0.02 0.0040256
0.68 0.02 0.00388711
0.7 0.02 0.00373486
0.72 0.02 0.00356945
0.74 0.02 0.00339069
0.76 0.02 0.0031991
0.78 0.02 0.00299484
0.8 0.02 0.00277817
0.82 0.02 0.00254957
0.84 0.02 0.00230912
0.86 0.02 0.00205732
0.88 0.02 0.00179427
0.9 0.02 0.00152045
0.92 0.02 0.00123606
0.94 0.02 0.000941509
0.96 0.02 0.000637057
0.98 0.02 0.000323124
0.02 0.04 0.000721242
0.04 0.04 0.00141279
0.06 0.04 0.00207449
0.08 0.04 0.00270611
0.1 0.04 0.0033074
0.12 0.04 0.00387834
0.14 0.04 0.00441869
0.16 0.04 0.00492837
0.18 0.04 0.00540726
0.2 0.04 0.00585537
0.22 0.04 0.00627262
0.24 0.04 0.0066589
0.26 0.04 0.0070141
0.28 0.04 0.00733824
0.3 0.04 0.00763129
0.32 0.04 0.00789349
0.34 0.04 0.00812483
0.36 0.04 0.00832542
0.38 0.04 0.00849525
0.4 0.04 0.00863457
0.42 0.04 0.00874355
0.44 0.04 0.00882218
0.46 0.04 0.00887087
0.48 0.04 0.00888974
0.5 0.04 0.00887878
0.52 0.04 0.00883871
0.54 0.04 0.00876944
0.56 0.04 0.00867119
0.58 0.04 0.00854461
0.6 0.04 0.00838967
0.62 0.04 0.00820686
0.64 0.04 0.00799659
0.66 0.04 0.00775904
0.68 0.04 0.0074947
0.7 0.04 0.00720399
0.72 0.04 0.0068874
0.74 0.04 0.00654517
0.76 0.04 0.0061778
0.78 0.04 0.00578574
0.8 0.04 0.00536954
0.82 0.04 0.0049298
0.84 0.04 0.004467
0.86 0.04 0.00398168
0.88 0.04 0.00347431
0.9 0.04 0.0029455
0.92 0.04 0.00239581
0.94 0.04 0.00182582
0.96 0.04 0.00123608
0.98 0.04 0.000627296
0.02 0.06 0.0010345
0.04 0.06 0.00202645
0.06 0.06 0.00297568
0.08 0.06 0.00388188
0.1 0.06 0.00474469
0.12 0.06 0.00556413
0.14 0.06 0.00633981
0.16 0.06 0.00707173
0.18 0.06 0.00775956
0.2 0.06 0.00840351
0.22 0.06 0.00900328
0.24 0.06 0.00955889
0.26 0.06 0.0100701
0.28 0.06 0.0105369
0.3 0.06 0.0109594
0.32 0.06 0.0113377
0.34 0.06 0.011672
0.36 0.06 0.0119623
0.38 0.06 0.0122085
0.4 0.06 0.0124113
0.42 0.06 0.0125704
0.44 0.06 0.0126863
0.46 0.06 0.0127593
0.48 0.06 0.0127893
0.5 0.06 0.0127769
0.52 0.06 0.0127224
0.54 0.06 0.012626
0.56 0.06 0.0124881
0.58 0.06 0.0123093
0.6 0.06 0.0120898
0.62 0.06 0.0118299
0.64 0.06 0.0115305
0.66 0.06 0.0111917
0.68 0.06 0.010814
0.7 0.06 0.0103984
0.72 0.06 0.00994489
0.74 0.06 0.00945435
0.76 0.06 0.00892712
0.78 0.06 0.00836385
0.8 0.06 0.00776543
0.82 0.06 0.0071324
0.84 0.06 0.00646568
0.86 0.06 0.00576572
0.88 0.06 0.00503335
0.9 0.06 0.00426924
0.92 0.06 0.0034742
0.94 0.06 0.00264895
0.96 0.06 0.00179425
0.98 0.06 0.000911035
0.02 0.08 0.00131606
0.04 0.08 0.00257808
0.06 0.08 0.00378586
0.08 0.08 0.00493903
0.1 0.08 0.00603713
0.12 0.08 0.00708025
0.14 0.08 0.00806788
0.16 0.08 0.00900005
0.18 0.08 0.00987635
0.2 0.08 0.0106971
0.22 0.08 0.0114619
0.24 0.08 0.0121707
0.26 0.08 0.0128232
0.28 0.08 0.0134195
0.3 0.08 0.0139596
0.32 0.08 0.0144437
0.34 0.08 0.014872
0.36 0.08 0.0152446
0.38 0.08 0.0155614
0.4 0.08 0.0158227
0.42 0.08 0.016029
0.44 0.08 0.0161802
0.46 0.08 0.0162765
0.48 0.08 0.0163188
0.5 0.08 0.0163069
0.52 0.08 0.0162413
0.54 0.08 0.0161223
0.56 0.08 0.0159508
0.58 0.08 0.0157267
0.6 0.08 0.0154505
0.62 0.08 0.0151231
0.64 0.08 0.0147448
0.66 0.08 0.0143161
0.68 0.08 0.0138375
0.7 0.08 0.01331
0.72 0.08 0.0127341
0.74 0.08 0.0121103
0.76 0.08 0.0114392
0.78 0.08 0.0107215
0.8 0.08 0.00995822
0.82 0.08 0.0091501
0.84 0.08 0.00829819
0.86 0.08 0.00740296
0.88 0.08 0.00646544
0.9 0.08 0.00548633
0.92 0.08 0.00446669
0.94 0.08 0.00340727
0.96 0.08 0.00230901
0.98 0.08 0.00117298
0.02 0.1 0.00156583
0.04 0.1 0.00306746
0.06 0.1 0.00450472
0.08 0.1 0.00587714
0.1 0.1 0.00718429
0.12 0.1 0.00842621
0.14 0.1 0.0096024
0.16 0.1 0.0107128
0.18 0.1 0.011757
0.2 0.1 0.0127353
0.22 0.1 0.0136474
0.24 0.1 0.014493
0.26 0.1 0.0152721
0.28 0.1 0.0159844
0.3 0.1 0.0166301
0.32 0.1 0.0172095
0.34 0.1 0.0177227
0.36 0.1 0.0181698
0.38 0.1 0.0185506
0.4 0.1 0.0188657
0.42 0.1 0.0191154
0.44 0.1 0.0192996
0.46 0.1 0.019419
0.48 0.1 0.0194735
0.5 0.1 0.0194638
0.52 0.1 0.0193902
0.54 0.1 0.0192531
0.56 0.1 0.0190529
0.58 0.1 0.0187903
0.6 0.1 0.0184654
0.62 0.1 0.0180793
0.64 0.1 0.0176323
0.66 0.1 0.0171247
0.68 0.1 0.0165576
0.7 0.1 0.0159314
0.72 0.1 0.0152472
0.74 0.1 0.0145052
0.76 0.1 0.0137061
0.78 0.1 0.012851
0.8 0.1 0.0119404
0.82 0.1 0.0109757
0.84 0.1 0.00995764
0.86 0.1 0.00888704
0.88 0.1 0.00776471
0.9 0.1 0.00659167
0.92 0.1 0.0053689
0.94 0.1 0.00409732
0.96 0.1 0.00277789
0.98 0.1 0.00141183
0.02 0.12 0.0017838
0.04 0.12 0.0034946
0.06 0.12 0.00513227
0.08 0.12 0.00669624
0.1 0.12 0.0081861
0.12 0.12 0.00960188
0.14 0.12 0.010943
0.16 0.12 0.0122095
0.18 0.12 0.0134008
0.2 0.12 0.0145174
0.22 0.12 0.0155588
0.24 0.12 0.0165249
0.26 0.12 0.0174154
0.28 0.12 0.0182302
0.3 0.12 0.0189693
0.32 0.12 0.0196331
0.34 0.12 0.0202218
0.36 0.12 0.0207353
0.38 0.12 0.0211737
0.4 0.12 0.0215374
0.42 0.12 0.0218264
0.44 0.12 0.0220412
0.46 0.12 0.022182
0.48 0.12 0.0222491
0.5 0.12 0.022243
0.52 0.12 0.022164
0.54 0.12 0.0220125
0.56 0.12 0.0217891
0.58 0.12 0.0214941
0.6 0.12 0.0211283
0.62 0.12 0.020692
0.64 0.12 0.020186
0.66 0.12 0.0196107
0.68 0.12 0.0189668
0.7 0.12 0.0182553
0.72 0.12 0.0174767
0.74 0.12 0.0166316
0.76 0.12 0.0157207
0.78 0.12 0.0147448
0.8 0.12 0.013705
0.82 0.12 0.0126022
0.84 0.12 0.0114375
0.86 0.12 0.0102117
0.88 0.12 0.00892555
0.9 0.12 0.00758014
0.92 0.12 0.00617655
0.94 0.12 0.00471563
0.96 0.12 0.00319848
0.98 0.12 0.00162629
0.02 0.14 0.00196992
0.04 0.14 0.00385938
0.06 0.14 0.00566831
0.08 0.14 0.00739604
0.1 0.14 0.00904225
0.12 0.14 0.0106069
0.14 0.14 0.0120894
0.16 0.14 0.0134897
0.18 0.14 0.0148075
0.2 0.14 0.0160429
0.22 0.14 0.0171957
0.24 0.14 0.0182656
0.26 0.14 0.0192522
0.28 0.14 0.0201556
0.3 0.14 0.0209757
0.32 0.14 0.0217129
0.34 0.14 0.0223675
0.36 0.14 0.0229392
0.38 0.14 0.0234282
0.4 0.14 0.0238347
0.42 0.14 0.0241593
0.44 0.14 0.0244016
0.46 0.14 0.0245624
0.48 0.14 0.0246419
0.5 0.14 0.0246404
0.52 0.14 0.0245582
0.54 0.14 0.024396
0.56 0.14 0.0241541
0.58 0.14 0.0238332
0.6 0.14 0.0234332
0.62 0.14 0.0229554
0.64 0.14 0.0224001
0.66 0.14 0.0217677
0.68 0.14 0.021059
0.7 0.14 0.0202748
0.72 0.14 0.0194161
0.74 0.14 0.0184828
0.76 0.14 0.0174761
0.78 0.14 0.0163965
0.8 0.14 0.0152453
0.82 0.14 0.0140234
0.84 0.14 0.0127318
0.86 0.14 0.0113713
0.88 0.14 0.00994282
0.9 0.14 0.00844727
0.92 0.14 0.00688576
0.94 0.14 0.00525918
0.96 0.14 0.00356858
0.98 0.14 0.00181523
0.02 0.16 0.00212421
0.04 0.16 0.00416186
0.06 0.16 0.00611293
0.08 0.16 0.00797666
0.1 0.16 0.00975283
0.12 0.16 0.0114412
0.14 0.16 0.0130415
0.16 0.16 0.0145534
0.18 0.16 0.0159766
0.2 0.16 0.0173114
0.22 0.16 0.0185574
0.24 0.16 0.0197143
0.26 0.16 0.0207818
0.28 0.16 0.0217598
0.3 0.16 0.0226483
0.32 0.16 0.0234477
0.34 0.16 0.0241582
0.36 0.16 0.0247797
0.38 0.16 0.0253119
0.4 0.16 0.0257557
0.42 0.16 0.026111
0.44 0.16 0.0263779
0.46 0.16 0.0265569
0.48 0.16 0.0266481
0.5 0.16 0.0266519
0.52 0.16 0.0265689
0.54 0.16 0.0263992
0.56 0.16 0.0261434
0.58 0.16 0.0258019
0.6 0.16 0.0253752
0.62 0.16 0.0248639
0.64 0.16 0.0242687
0.66 0.16 0.0235897
0.68 0.16 0.0228279
0.7 0.16 0.021984
0.72 0.16 0.0210588
0.74 0.16 0.0200526
0.76 0.16 0.018966
0.78 0.16 0.0177999
0.8 0.16 0.0165553
0.82 0.16 0.0152334
0.84 0.16 0.0138349
0.86 0.16 0.0123608
0.88 0.16 0.0108117
0.9 0.16 0.00918872
0.92 0.16 0.00749285
0.94 0.16 0.00572501
0.96 0.16 0.00388612
0.98 0.16 0.00197752
0.02 0.18 0.00224669
0.04 0.18 0.00440206
0.06 0.18 0.00646612
0.08 0.18 0.00843812
0.1 0.18 0.0103178
0.12 0.18 0.012105
0.14 0.18 0.0137992
0.16 0.18 0.0154004
0.18 0.18 0.0169081
0.2 0.18 0.0183227
0.22 0.18 0.0196436
0.24 0.18 0.0208707
0.26 0.18 0.0220035
0.28 0.18 0.0230419
0.3 0.18 0.0239861
0.32 0.18 0.0248362
0.34 0.18 0.0255926
0.36 0.18 0.026255
0.38 0.18 0.0268235
0.4 0.18 0.0272982
0.42 0.18 0.0276796
0.44 0.18 0.0279676
0.46 0.18 0.0281625
0.48 0.18 0.0282648
0.5 0.18 0.0282746
0.52 0.18 0.0281921
0.54 0.18 0.028018
0.56 0.18 0.0277526
0.58 0.18 0.0273963
0.6 0.18 0.0269494
0.62 0.18 0.0264127
0.64 0.18 0.0257867
0.66 0.18 0.0250715
0.68 0.18 0.0242681
0.7 0.18 0.0233772
0.72 0.18 0.0223994
0.74 0.18 0.0213351
0.76 0.18 0.0201848
0.78 0.18 0.0189492
0.8 0.18 0.0176296
0.82 0.18 0.0162268
0.84 0.18 0.0147418
0.86 0.18 0.0131752
0.88 0.18 0.0115279
0.9 0.18 0.00980058
0.92 0.18 0.00799457
0.94 0.18 0.00611044
0.96 0.18 0.00414924
0.98 0.18 0.00211218
0.02 0.2 0.00233743
0.04 0.2 0.00458013
0.06 0.2 0.00672812
0.08 0.2 0.00878064
0.1 0.2 0.0107374
0.12 0.2 0.0125983
0.14 0.2 0.0143629
0.16 0.2 0.016031
0.18 0.2 0.0176022
0.2 0.2 0.0190768
0.22 0.2 0.0204543
0.24 0.2 0.0217345
0.26 0.2 0.022917
0.28 0.2 0.0240016
0.3 0.2 0.0249883
0.32 0.2 0.0258777
0.34 0.2 0.0266696
0.36 0.2 0.0273641
0.38 0.2 0.0279607
0.4 0.2 0.0284603
0.42 0.2 0.0288629
0.44 0.2 0.0291682
0.46 0.2 0.0293768
0.48 0.2 0.0294889
0.5 0.2 0.0295047
0.52 0.2 0.0294246
0.54 0.2 0.0292487
0.56 0.2 0.0289777
0.58 0.2 0.0286118
0.6 0.2 0.0281513
0.62 0.2 0.0275968
0.64 0.2 0.026949
0.66 0.2 0.0262079
0.68 0.2 0.0253742
0.7 0.2 0.0244488
0.72 0.2 0.0234322
0.74 0.2 0.0223247
0.76 0.2 0.0211266
0.78 0.2 0.0198389
0.8 0.2 0.0184625
0.82 0.2 0.0169983
0.84 0.2 0.0154473
0.86 0.2 0.0138098
0.88 0.2 0.0120868
0.9 0.2 0.010279
0.92 0.2 0.00838751
0.94 0.2 0.00641288
0.96 0.2 0.00435604
0.98 0.2 0.00221821
0.02 0.22 0.0023965
0.04 0.22 0.0046962
0.06 0.22 0.00689907
0.08 0.22 0.00900444
0.1 0.22 0.0110119
0.12 0.22 0.0129215
0.14 0.22 0.0147327
0.16 0.22 0.0164452
0.18 0.22 0.0180588
0.2 0.22 0.0195737
0.22 0.22 0.0209895
0.24 0.22 0.0223057
0.26 0.22 0.0235221
0.28 0.22 0.0246384
0.3 0.22 0.0256547
0.32 0.22 0.0265713
0.34 0.22 0.0273884
0.36 0.22 0.0281056
0.38 0.22 0.028723
0.4 0.22 0.0292407
0.42 0.22 0.0296591
0.44 0.22 0.0299779
0.46 0.22 0.0301976
0.48 0.22 0.0303182
0.5 0.22 0.03034
0.52 0.22 0.0302633
0.54 0.22 0.0300883
0.56 0.22 0.0298154
0.58 0.22 0.0294449
0.6 0.22 0.0289769
0.62 0.22 0.0284124
0.64 0.22 0.0277516
0.66 0.22 0.0269944
0.68 0.22 0.0261417
0.7 0.22 0.0251943
0.72 0.22 0.0241526
0.74 0.22 0.0230167
0.76 0.22 0.021787
0.78 0.22 0.0204643
0.8 0.22 0.0190495
0.82 0.22 0.0175435
0.84 0.22 0.0159471
0.86 0.22 0.0142606
0.88 0.22 0.012485
0.9 0.22 0.0106207
0.92 0.22 0.00866893
0.94 0.22 0.00663003
0.96 0.22 0.00450495
0.98 0.22 0.00229475
0.02 0.24 0.00242402
0.04 0.24 0.00475046
0.06 0.24 0.00697928
0.08 0.24 0.00910984
0.1 0.24 0.0111417
0.12 0.24 0.013075
0.14 0.24 0.014909
0.16 0.24 0.0166436
0.18 0.24 0.0182786
0.2 0.24 0.0198139
0.22 0.24 0.0212494
0.24 0.24 0.0225845
0.26 0.24 0.0238189
0.28 0.24 0.0249524
0.3 0.24 0.0259849
0.32 0.24 0.026917
0.34 0.24 0.0277484
0.36 0.24 0.0284793
0.38 0.24 0.029109
0.4 0.24 0.0296383
0.42 0.24 0.0300671
0.44 0.24 0.0303952
0.46 0.24 0.0306229
0.48 0.24 0.0307506
0.5 0.24 0.0307781
0.52 0.24 0.0307058
0.54 0.24 0.0305338
0.56 0.24 0.0302626
0.58 0.24 0.0298924
0.6 0.24 0.0294233
0.62 0.24 0.0288558
0.64 0.24 0.0281905
0.66 0.24 0.0274272
0.68 0.24 0.0265667
0.7 0.24 0.0256096
0.72 0.24 0.0245563
0.74 0.24 0.0234067
0.76 0.24 0.0221615
0.78 0.24 0.0208211
0.8 0.24 0.0193864
0.82 0.24 0.0178582
0.84 0.24 0.0162373
0.86 0.24 0.014524
0.88 0.24 0.0127189
0.9 0.24 0.0108227
0.92 0.24 0.00883618
0.94 0.24 0.00675986
0.96 0.24 0.00459448
0.98 0.24 0.00234104
0.02 0.26 0.00242011
0.04 0.26 0.00474315
0.06 0.26 0.00696907
0.08 0.26 0.00909727
0.1 0.26 0.0111273
0.12 0.26 0.0130592
0.14 0.26 0.0148924
0.16 0.26 0.0166267
0.18 0.26 0.0182618
0.2 0.26 0.0197978
0.22 0.26 0.0212345
0.24 0.26 0.0225712
0.26 0.26 0.0238077
0.28 0.26 0.0249436
0.3 0.26 0.0259791
0.32 0.26 0.0269144
0.34 0.26 0.0277496
0.36 0.26 0.0284843
0.38 0.26 0.0291184
0.4 0.26 0.0296522
0.42 0.26 0.0300857
0.44 0.26 0.0304187
0.46 0.26 0.0306516
0.48 0.26 0.0307843
0.5 0.26 0.030817
0.52 0.26 0.0307499
0.54 0.26 0.0305832
0.56 0.26 0.0303169
0.58 0.26 0.0299516
0.6 0.26 0.029487
0.62 0.26 0.0289239
0.64 0.26 0.0282626
0.66 0.26 0.0275029
0.68 0.26 0.0266454
0.7 0.26 0.0256908
0.72 0.26 0.0246394
0.74 0.26 0.0234911
0.76 0.26 0.0222463
0.78 0.26 0.0209055
0.8 0.26 0.0194694
0.82 0.26 0.0179389
0.84 0.26 0.0163145
0.86 0.26 0.0145966
0.88 0.26 0.0127856
0.9 0.26 0.0108822
0.92 0.26 0.00888705
0.94 0.26 0.00680054
0.96 0.26 0.00462335
0.98 0.26 0.00235638
0.02 0.28 0.00238493
0.04 0.28 0.00467457
0.06 0.28 0.00686887
0.08 0.28 0.00896722
0.1 0.28 0.0109692
0.12 0.28 0.0128748
0.14 0.28 0.0146835
0.16 0.28 0.0163951
0.18 0.28 0.0180093
0.2 0.28 0.0195262
0.22 0.28 0.0209454
0.24 0.28 0.0222664
0.26 0.28 0.0234889
0.28 0.28 0.0246126
0.3 0.28 0.0256374
0.32 0.28 0.0265638
0.34 0.28 0.0273916
0.36 0.28 0.0281208
0.38 0.28 0.0287506
0.4 0.28 0.0292818
0.42 0.28 0.0297142
0.44 0.28 0.0300476
0.46 0.28 0.0302822
0.48 0.28 0.0304182
0.5 0.28 0.0304553
0.52 0.28 0.030394
0.54 0.28 0.0302341
0.56 0.28 0.0299761
0.58 0.28 0.02962
0.6 0.28 0.0291657
0.62 0.28 0.028614
0.64 0.28 0.0279649
0.66 0.28 0.0272182
0.68 0.28 0.0263747
0.7 0.28 0.0254348
0.72 0.28 0.0243987
0.74 0.28 0.0232663
0.76 0.28 0.0220379
0.78 0.28 0.020714
0.8 0.28 0.0192952
0.82 0.28 0.0177822
0.84 0.28 0.0161756
0.86 0.28 0.0144755
0.88 0.28 0.0126824
0.9 0.28 0.0107969
0.92 0.28 0.00881943
0.94 0.28 0.00675043
0.96 0.28 0.00459038
0.98 0.28 0.00234016
0.02 0.3 0.00231866
0.04 0.3 0.00454501
0.06 0.3 0.00667911
0.08 0.3 0.00872021
0.1 0.3 0.0106681
0.12 0.3 0.0125225
0.14 0.3 0.0142831
0.16 0.3 0.0159497
0.18 0.3 0.0175218
0.2 0.3 0.0189996
0.22 0.3 0.0203827
0.24 0.3 0.0216707
0.26 0.3 0.0228631
0.28 0.3 0.0239596
0.3 0.3 0.0249603
0.32 0.3 0.0258655
0.34 0.3 0.026675
0.36 0.3 0.0273884
0.38 0.3 0.0280056
0.4 0.3 0.0285269
0.42 0.3 0.0289523
0.44 0.3 0.0292813
0.46 0.3 0.0295142
0.48 0.3 0.0296509
0.5 0.3 0.0296917
0.52 0.3 0.0296365
0.54 0.3 0.0294853
0.56 0.3 0.0292383
0.58 0.3 0.0288957
0.6 0.3 0.0284573
0.62 0.3 0.0279236
0.64 0.3 0.0272949
0.66 0.3 0.0265709
0.68 0.3 0.025752
0.7 0.3 0.0248388
0.72 0.3 0.0238313
0.74 0.3 0.0227295
0.76 0.3 0.0215336
0.78 0.3 0.0202438
0.8 0.3 0.018861
0.82 0.3 0.0173855
0.84 0.3 0.015818
0.86 0.3 0.0141584
0.88 0.3 0.0124072
0.9 0.3 0.0105648
0.92 0.3 0.00863169
0.94 0.3 0.00660817
0.96 0.3 0.00449463
0.98 0.3 0.00229187
0.02 0.32 0.00222146
0.04 0.32 0.00435488
0.06 0.32 0.00640026
0.08 0.32 0.00835693
0.1 0.32 0.0102246
0.12 0.32 0.0120031
0.14 0.32 0.013692
0.16 0.32 0.0152912
0.18 0.32 0.0168001
0.2 0.32 0.0182191
0.22 0.32 0.0195474
0.24 0.32 0.020785
0.26 0.32 0.0219311
0.28 0.32 0.0229856
0.3 0.32 0.0239484
0.32 0.32 0.0248198
0.34 0.32 0.0255997
0.36 0.32 0.0262878
0.38 0.32 0.0268837
0.4 0.32 0.0273877
0.42 0.32 0.0277996
0.44 0.32 0.0281193
0.46 0.32 0.0283469
0.48 0.32 0.0284824
0.5 0.32 0.0285256
0.52 0.32 0.0284767
0.54 0.32 0.0283356
0.56 0.32 0.0281025
0.58 0.32 0.0277774
0.6 0.32 0.0273602
0.62 0.32 0.0268515
0.64 0.32 0.0262511
0.66 0.32 0.0255588
0.68 0.32 0.0247753
0.7 0.32 0.0239006
0.72 0.32 0.0229352
0.74 0.32 0.0218786
0.76 0.32 0.0207311
0.78 0.32 0.0194929
0.8 0.32 0.0181646
0.82 0.32 0.0167466
0.84 0.32 0.0152395
0.86 0.32 0.0136432
0.88 0.32 0.011958
0.9 0.32 0.0101842
0.92 0.32 0.0083224
0.94 0.32 0.00637266
0.96 0.32 0.0043353
0.98 0.32 0.00221108
0.02 0.34 0.00209359
0.04 0.34 0.00410456
0.06 0.34 0.00603296
0.08 0.34 0.00787806
0.1 0.34 0.00963967
0.12 0.34 0.0113175
0.14 0.34 0.0129114
0.16 0.34 0.0144207
0.18 0.34 0.0158455
0.2 0.34 0.0171855
0.22 0.34 0.0184406
0.24 0.34 0.0196102
0.26 0.34 0.0206939
0.28 0.34 0.0216914
0.3 0.34 0.0226026
0.32 0.34 0.0234278
0.34 0.34 0.0241669
0.36 0.34 0.0248194
0.38 0.34 0.0253851
0.4 0.34 0.0258642
0.42 0.34 0.0262567
0.44 0.34 0.0265621
0.46 0.34 0.0267806
0.48 0.34 0.0269121
0.5 0.34 0.0269566
0.52 0.34 0.0269141
0.54 0.34 0.0267845
0.56 0.34 0.0265678
0.58 0.34 0.0262643
0.6 0.34 0.0258737
0.62 0.34 0.0253962
0.64 0.34 0.0248321
0.66 0.34 0.024181
0.68 0.34 0.0234432
0.7 0.34 0.0226192
0.72 0.34 0.0217088
0.74 0.34 0.020712
0.76 0.34 0.0196288
0.78 0.34 0.0184594
0.8 0.34 0.0172044
0.82 0.34 0.015864
0.84 0.34 0.0144388
0.86 0.34 0.0129285
0.88 0.34 0.0113336
0.9 0.34 0.00965412
0.92 0.34 0.0078906
0.94 0.34 0.00604308
0.96 0.34 0.00411183
0.98 0.34 0.00209748
0.02 0.36 0.00193527
0.04 0.36 0.00379455
0.06 0.36 0.00557783
0.08 0.36 0.00728449
0.1 0.36 0.00891423
0.12 0.36 0.0104669
0.14 0.36 0.0119421
0.16 0.36 0.0133397
0.18 0.36 0.0146591
0.2 0.36 0.0159006
0.22 0.36 0.0170636
0.24 0.36 0.0181479
0.26 0.36 0.0191527
0.28 0.36 0.0200783
0.3 0.36 0.020924
0.32 0.36 0.0216905
0.34 0.36 0.0223773
0.36 0.36 0.0229843
0.38 0.36 0.0235109
0.4 0.36 0.0239576
0.42 0.36 0.024324
0.44 0.36 0.02461
0.46 0.36 0.0248155
0.48 0.36 0.0249405
0.5 0.36 0.0249849
0.52 0.36 0.0249487
0.54 0.36 0.0248317
0.56 0.36 0.0246342
0.58 0.36 0.024356
0.6 0.36 0.0239968
0.62 0.36 0.0235573
0.64 0.36 0.0230372
0.66 0.36 0.0224362
0.68 0.36 0.0217547
0.7 0.36 0.0209929
0.72 0.36 0.0201509
0.74 0.36 0.0192284
0.76 0.36 0.0182255
0.78 0.36 0.0171422
0.8 0.36 0.0159791
0.82 0.36 0.0147364
0.84 0.36 0.0134145
0.86 0.36 0.0120131
0.88 0.36 0.0105328
0.9 0.36 0.00897332
0.92 0.36 0.00733532
0.94 0.36 0.00561868
0.96 0.36 0.00382367
0.98 0.36 0.0019508
0.02 0.38 0.00174678
0.04 0.38 0.00342535
0.06 0.38 0.0050356
0.08 0.38 0.00657707
0.1 0.38 0.00804932
0.12 0.38 0.0094524
0.14 0.38 0.0107857
0.16 0.38 0.0120492
0.18 0.38 0.0132424
0.2 0.38 0.0143654
0.22 0.38 0.0154178
0.24 0.38 0.0163992
0.26 0.38 0.0173092
0.28 0.38 0.0181476
0.3 0.38 0.0189142
0.32 0.38 0.0196091
0.34 0.38 0.0202324
0.36 0.38 0.0207834
0.38 0.38 0.0212621
0.4 0.38 0.0216686
0.42 0.38 0.0220025
0.44 0.38 0.0222637
0.46 0.38 0.0224523
0.48 0.38 0.0225681
0.5 0.38 0.022611
0.52 0.38 0.0225808
0.54 0.38 0.0224778
0.56 0.38 0.0223017
0.58 0.38 0.0220524
0.6 0.38 0.0217301
0.62 0.38 0.0213346
0.64 0.38 0.0208662
0.66 0.38 0.0203244
0.68 0.38 0.0197096
0.7 0.38 0.0190219
0.72 0.38 0.0182612
0.74 0.38 0.0174275
0.76 0.38 0.0165206
0.78 0.38 0.0155406
0.8 0.38 0.0144881
0.82 0.38 0.0133631
0.84 0.38 0.0121661
0.86 0.38 0.0108966
0.88 0.38 0.00955513
0.9 0.38 0.00814154
0.92 0.38 0.00665629
0.94 0.38 0.00509925
0.96 0.38 0.00347067
0.98 0.38 0.00177095
0.02 0.4 0.0015284
0.04 0.4 0.00299743
0.06 0.4 0.00440699
0.08 0.4 0.00575664
0.1 0.4 0.00704601
0.12 0.4 0.00827507
0.14 0.4 0.00944338
0.16 0.4 0.0105507
0.18 0.4 0.0115968
0.2 0.4 0.0125815
0.22 0.4 0.0135048
0.24 0.4 0.0143659
0.26 0.4 0.0151648
0.28 0.4 0.015901
0.3 0.4 0.0165744
0.32 0.4 0.0171854
0.34 0.4 0.0177334
0.36 0.4 0.0182185
0.38 0.4 0.0186401
0.4 0.4 0.0189985
0.42 0.4 0.0192934
0.44 0.4 0.0195247
0.46 0.4 0.0196922
0.48 0.4 0.0197959
0.5 0.4 0.0198357
0.52 0.4 0.0198116
0.54 0.4 0.0197233
0.56 0.4 0.0195709
0.58 0.4 0.0193545
0.6 0.4 0.0190736
0.62 0.4 0.0187286
0.64 0.4 0.0183195
0.66 0.4 0.0178459
0.68 0.4 0.017308
0.7 0.4 0.016706
0.72 0.4 0.0160398
0.74 0.4 0.0153092
0.76 0.4 0.0145142
0.78 0.4 0.0136549
0.8 0.4 0.0127316
0.82 0.4 0.0117443
0.84 0.4 0.0106935
0.86 0.4 0.00957881
0.88 0.4 0.00840052
0.9 0.4 0.00715855
0.92 0.4 0.00585333
0.94 0.4 0.00448462
0.96 0.4 0.00305271
0.98 0.4 0.00155785
0.02 0.42 0.00128046
0.04 0.42 0.00251147
0.06 0.42 0.00369289
0.08 0.42 0.00482439
0.1 0.42 0.00590558
0.12 0.42 0.0069365
0.14 0.42 0.00791661
0.16 0.42 0.00884594
0.18 0.42 0.00972396
0.2 0.42 0.0105509
0.22 0.42 0.0113262
0.24 0.42 0.0120498
0.26 0.42 0.0127212
0.28 0.42 0.0133402
0.3 0.42 0.0139068
0.32 0.42 0.0144208
0.34 0.42 0.0148824
0.36 0.42 0.015291
0.38 0.42 0.0156466
0.4 0.42 0.0159489
0.42 0.42 0.0161984
0.44 0.42 0.0163942
0.46 0.42 0.0165365
0.48 0.42 0.0166254
0.5 0.42 0.0166606
0.52 0.42 0.016642
0.54 0.42 0.0165695
0.56 0.42 0.0164433
0.58 0.42 0.016263
0.6 0.42 0.0160287
0.62 0.42 0.0157404
0.64 0.42 0.0153981
0.66 0.42 0.0150015
0.68 0.42 0.0145509
0.7 0.42 0.0140462
0.72 0.42 0.0134874
0.74 0.42 0.0128744
0.76 0.42 0.012207
0.78 0.42 0.0114855
0.8 0.42 0.0107099
0.82 0.42 0.00988044
0.84 0.42 0.00899727
0.86 0.42 0.00806022
0.88 0.42 0.00706943
0.9 0.42 0.00602488
0.92 0.42 0.00492684
0.94 0.42 0.00377514
0.96 0.42 0.00257002
0.98 0.42 0.00131165
0.02 0.44 0.00100327
0.04 0.44 0.00196802
0.06 0.44 0.00289414
0.08 0.44 0.00378133
0.1 0.44 0.0046293
0.12 0.44 0.00543803
0.14 0.44 0.00620713
0.16 0.44 0.00693655
0.18 0.44 0.00762588
0.2 0.44 0.0082753
0.22 0.44 0.00888433
0.24 0.44 0.00945293
0.26 0.44 0.00998068
0.28 0.44 0.0104674
0.3 0.44 0.0109131
0.32 0.44 0.0113176
0.34 0.44 0.0116811
0.36 0.44 0.0120031
0.38 0.44 0.0122833
0.4 0.44 0.0125222
0.42 0.44 0.012719
0.44 0.44 0.0128741
0.46 0.44 0.0129872
0.48 0.44 0.0130583
0.5 0.44 0.0130871
0.52 0.44 0.0130737
0.54 0.44 0.0130182
0.56 0.44 0.01292
0.58 0.44 0.0127796
0.6 0.44 0.0125966
0.62 0.44 0.0123712
0.64 0.44 0.0121033
0.66 0.44 0.0117926
0.68 0.44 0.0114394
0.7 0.44 0.0110435
0.72 0.44 0.0106052
0.74 0.44 0.010124
0.76 0.44 0.00960003
0.78 0.44 0.00903335
0.8 0.44 0.00842407
0.82 0.44 0.00777231
0.84 0.44 0.00707816
0.86 0.44 0.00634148
0.88 0.44 0.0055624
0.9 0.44 0.00474088
0.92 0.44 0.00387715
0.94 0.44 0.00297105
0.96 0.44 0.00202278
0.98 0.44 0.00103243
0.02 0.46 0.000697215
0.04 0.46 0.00136783
0.06 0.46 0.00201175
0.08 0.46 0.00262875
0.1 0.46 0.00321863
0.12 0.46 0.00378133
0.14 0.46 0.00431663
0.16 0.46 0.00482438
0.18 0.46 0.00530446
0.2 0.46 0.00575675
0.22 0.46 0.00618114
0.24 0.46 0.00657741
0.26 0.46 0.00694534
0.28 0.46 0.00728483
0.3 0.46 0.00759574
0.32 0.46 0.00787815
0.34 0.46 0.00813189
0.36 0.46 0.00835686
0.38 0.46 0.00855283
0.4 0.46 0.0087199
0.42 0.46 0.00885792
0.44 0.46 0.00896661
0.46 0.46 0.00904639
0.48 0.46 0.00909648
0.5 0.46 0.00911743
0.52 0.46 0.00910904
0.54 0.46 0.00907082
0.56 0.46 0.00900338
0.58 0.46 0.00890623
0.6 0.46 0.00877941
0.62 0.46 0.00862299
0.64 0.46 0.00843688
0.66 0.46 0.00822098
0.68 0.46 0.0079753
0.7 0.46 0.00769993
0.72 0.46 0.00739479
0.74 0.46 0.00705979
0.76 0.46 0.00669489
0.78 0.46 0.00630012
0.8 0.46 0.00587559
0.82 0.46 0.00542135
0.84 0.46 0.0049375
0.86 0.46 0.00442389
0.88 0.46 0.00388066
0.9 0.46 0.00330772
0.92 0.46 0.00270527
0.94 0.46 0.00207317
0.96 0.46 0.00141155
0.98 0.46 0.000720499
0.02 0.48 0.000362651
0.04 0.48 0.000711551
0.06 0.48 0.00104666
0.08 0.48 0.00136782
0.1 0.48 0.00167498
0.12 0.48 0.00196801
0.14 0.48 0.00224691
0.16 0.48 0.00251145
0.18 0.48 0.00276173
0.2 0.48 0.00299748
0.22 0.48 0.00321885
0.24 0.48 0.00342554
0.26 0.48 0.00361752
0.28 0.48 0.0037948
0.3 0.48 0.00395706
0.32 0.48 0.00410469
0.34 0.48 0.00423726
0.36 0.48 0.00435485
0.38 0.48 0.00445753
0.4 0.48 0.00454486
0.42 0.48 0.00461724
0.44 0.48 0.00467448
0.46 0.48 0.00471614
0.48 0.48 0.00474292
0.5 0.48 0.00475421
0.52 0.48 0.00475001
0.54 0.48 0.00473069
0.56 0.48 0.00469573
0.58 0.48 0.00464544
0.6 0.48 0.00457964
0.62 0.48 0.00449832
0.64 0.48 0.00440158
0.66 0.48 0.00428921
0.68 0.48 0.00416129
0.7 0.48 0.00401787
0.72 0.48 0.00385886
0.74 0.48 0.00368428
0.76 0.48 0.00349404
0.78 0.48 0.0032882
0.8 0.48 0.00306681
0.82 0.48 0.00282985
0.84 0.48 0.00257743
0.86 0.48 0.00230942
0.88 0.48 0.00202593
0.9 0.48 0.00172688
0.92 0.48 0.00141242
0.94 0.48 0.00108243
0.96 0.48 0.000737022
0.98 0.48 0.000376212
