0.0333333 0.0333333 0.00100222
0.0666667 0.0333333 0.00193443
0.1 0.0333333 0.00279588
0.133333 0.0333333 0.0035858
0.166667 0.0333333 0.00430369
0.2 0.0333333 0.00494905
0.233333 0.0333333 0.00552173
0.266667 0.0333333 0.00602157
0.3 0.0333333 0.00644871
0.333333 0.0333333 0.00680306
0.366667 0.0333333 0.00708512
0.4 0.0333333 0.00729525
0.433333 0.0333333 0.00743372
0.466667 0.0333333 0.00750166
0.5 0.0333333 0.00749975
0.533333 0.0333333 0.00742852
0.566667 0.0333333 0.00728948
0.6 0.0333333 0.00708385
0.633333 0.0333333 0.00681252
0.666667 0.0333333 0.0064773
0.7 0.0333333 0.00607968
0.733333 0.0333333 0.00562114
0.766667 0.0333333 0.00510368
0.8 0.0333333 0.00452907
0.833333 0.0333333 0.00389936
0.866667 0.0333333 0.00321649
0.9 0.0333333 0.0024828
0.933333 0.0333333 0.0017005
0.966667 0.0333333 0.000872102
0.0333333 0.0666667 0.00186035
0.0666667 0.0666667 0.00359108
0.1 0.0666667 0.00519101
0.133333 0.0666667 0.0066589
0.166667 0.0666667 0.00799389
0.2 0.0666667 0.00919521
0.233333 0.0666667 0.0102625
0.266667 0.0666667 0.0111956
0.3 0.0666667 0.0119946
0.333333 0.0666667 0.0126595
0.366667 0.0666667 0.0131908
0.4 0.0666667 0.0135893
0.433333 0.0666667 0.0138558
0.466667 0.0666667 0.013991
0.5 0.0666667 0.0139968
0.533333 0.0666667 0.0138742
0.566667 0.0666667 0.0136252
0.6 0.0666667 0.0132515
0.633333 0.0666667 0.0127552
0.666667 0.0666667 0.0121388
0.7 0.0666667 0.0114047
0.733333 0.0666667 0.0105554
0.766667 0.0666667 0.00959397
0.8 0.0666667 0.00852343
0.833333 0.0666667 0.00734701
0.866667 0.0666667 0.0060679
0.9 0.0666667 0.00468982
0.933333 0.0666667 0.00321645
0.966667 0.0666667 0.00165187
0.0333333 0.1 0.00257369
0.0666667 0.1 0.00496864
0.1 0.1 0.00718352
0.133333 0.1 0.00921669
0.166667 0.1 0.0110671
0.2 0.1 0.0127338
0.233333 0.1 0.0142162
0.266667 0.1 0.0155144
0.3 0.1 0.0166282
0.333333 0.1 0.0175575
0.366667 0.1 0.0183033
0.4 0.1 0.0188659
0.433333 0.1 0.0192465
0.466667 0.1 0.0194463
0.5 0.1 0.0194666
0.533333 0.1 0.0193095
0.566667 0.1 0.0189766
0.6 0.1 0.0184704
0.633333 0.1 0.0177932
0.666667 0.1 0.0169477
0.7 0.1 0.0159372
0.733333 0.1 0.0147643
0.766667 0.1 0.0134328
0.8 0.1 0.0119464
0.833333 0.1 0.0103087
0.866667 0.1 0.00852363
0.9 0.1 0.0065956
0.933333 0.1 0.00452909
0.966667 0.1 0.00232898
0.0333333 0.133333 0.00314188
0.0666667 0.133333 0.00606641
0.1 0.133333 0.00877218
0.133333 0.133333 0.0112573
0.166667 0.133333 0.0135207
0.2 0.133333 0.0155613
0.233333 0.133333 0.0173784
0.266667 0.133333 0.018972
0.3 0.133333 0.0203418
0.333333 0.133333 0.0214879
0.366667 0.133333 0.0224107
0.4 0.133333 0.023111
0.433333 0.133333 0.0235897
0.466667 0.133333 0.023848
0.5 0.133333 0.0238877
0.533333 0.133333 0.0237098
0.566667 0.133333 0.023317
0.6 0.133333 0.0227113
0.633333 0.133333 0.0218952
0.666667 0.133333 0.0208715
0.7 0.133333 0.0196433
0.733333 0.133333 0.0182137
0.766667 0.133333 0.0165862
0.8 0.133333 0.014765
0.833333 0.133333 0.0127535
0.866667 0.133333 0.0105561
0.9 0.133333 0.0081771
0.933333 0.133333 0.00562137
0.966667 0.133333 0.00289403
0.0333333 0.166667 0.00356485
0.0666667 0.166667 0.00688416
0.1 0.166667 0.00995658
0.133333 0.166667 0.01278
0.166667 0.166667 0.0153535
0.2 0.166667 0.0176756
0.233333 0.166667 0.0197458
0.266667 0.166667 0.0215638
0.3 0.166667 0.0231295
0.333333 0.166667 0.0244424
0.366667 0.166667 0.0255033
0.4 0.166667 0.0263127
0.433333 0.166667 0.0268711
0.466667 0.166667 0.0271798
0.5 0.166667 0.0272402
0.533333 0.166667 0.0270538
0.566667 0.166667 0.0266224
0.6 0.166667 0.0259482
0.633333 0.166667 0.0250331
0.666667 0.166667 0.0238802
0.7 0.166667 0.0224923
0.733333 0.166667 0.020872
0.766667 0.166667 0.0190229
0.8 0.166667 0.0169488
0.833333 0.166667 0.0146531
0.866667 0.166667 0.0121398
0.9 0.166667 0.00941311
0.933333 0.166667 0.00647763
0.966667 0.166667 0.00333838
0.0333333 0.2 0.00384278
0.0666667 0.2 0.00742226
0.1 0.2 0.0107369
0.133333 0.2 0.0137849
0.166667 0.2 0.0165649
0.2 0.2 0.0190757
0.233333 0.2 0.0213164
0.266667 0.2 0.023287
0.3 0.2 0.0249868
0.333333 0.2 0.0264155
0.366667 0.2 0.0275736
0.4 0.2 0.0284612
0.433333 0.2 0.0290789
0.466667 0.2 0.0294278
0.5 0.2 0.0295088
0.533333 0.2 0.0293232
0.566667 0.2 0.0288724
0.6 0.2 0.0281584
0.633333 0.2 0.027183
0.666667 0.2 0.0259484
0.7 0.2 0.0244574
0.733333 0.2 0.022712
0.766667 0.2 0.0207157
0.8 0.2 0.0184716
0.833333 0.2 0.0159826
0.866667 0.2 0.0132526
0.9 0.2 0.010285
0.933333 0.2 0.00708408
0.966667 0.2 0.00365435
0.0333333 0.233333 0.00397619
0.0666667 0.233333 0.00768143
0.1 0.233333 0.0111143
0.133333 0.233333 0.0142728
0.166667 0.233333 0.0171557
0.2 0.233333 0.0197617
0.233333 0.233333 0.02209
0.266667 0.233333 0.0241399
0.3 0.233333 0.0259113
0.333333 0.233333 0.0274032
0.366667 0.233333 0.0286159
0.4 0.233333 0.0295496
0.433333 0.233333 0.0302045
0.466667 0.233333 0.030581
0.5 0.233333 0.0306804
0.533333 0.233333 0.030503
0.566667 0.233333 0.0300504
0.6 0.233333 0.0293238
0.633333 0.233333 0.0283246
0.666667 0.233333 0.0270548
0.7 0.233333 0.0255163
0.733333 0.233333 0.0237111
0.766667 0.233333 0.0216417
0.8 0.233333 0.019311
0.833333 0.233333 0.0167212
0.866667 0.233333 0.0138755
0.9 0.233333 0.0107769
0.933333 0.233333 0.00742892
0.966667 0.233333 0.00383546
0.0333333 0.266667 0.00396588
0.0666667 0.266667 0.00766317
0.1 0.266667 0.0110904
0.133333 0.266667 0.0142458
0.166667 0.266667 0.0171278
0.2 0.266667 0.0197353
0.233333 0.266667 0.0220672
0.266667 0.266667 0.0241231
0.3 0.266667 0.0259019
0.333333 0.266667 0.0274033
0.366667 0.266667 0.028627
0.4 0.266667 0.0295729
0.433333 0.266667 0.0302408
0.466667 0.266667 0.0306313
0.5 0.266667 0.0307448
0.533333 0.266667 0.0305817
0.566667 0.266667 0.0301428
0.6 0.266667 0.0294291
0.633333 0.266667 0.0284415
0.666667 0.266667 0.0271814
0.7 0.266667 0.0256506
0.733333 0.266667 0.0238499
0.766667 0.266667 0.0217818
0.8 0.266667 0.0194483
0.833333 0.266667 0.0168512
0.866667 0.266667 0.0139927
0.9 0.266667 0.0108755
0.933333 0.266667 0.00750222
0.966667 0.266667 0.00387616
0.0333333 0.3 0.003813
0.0666667 0.3 0.0073695
0.1 0.3 0.0106681
0.133333 0.3 0.0137068
0.166667 0.3 0.0164844
0.2 0.3 0.0189994
0.233333 0.3 0.0212509
0.266667 0.3 0.023238
0.3 0.3 0.0249602
0.333333 0.3 0.0264159
0.366667 0.3 0.0276057
0.4 0.3 0.0285284
0.433333 0.3 0.0291844
0.466667 0.3 0.0295731
0.5 0.3 0.0296952
0.533333 0.3 0.0295504
0.566667 0.3 0.0291395
0.6 0.3 0.0284628
0.633333 0.3 0.0275208
0.666667 0.3 0.0263146
0.7 0.3 0.0248451
0.733333 0.3 0.0231132
0.766667 0.3 0.0211204
0.8 0.3 0.0188682
0.833333 0.3 0.0163579
0.866667 0.3 0.013591
0.9 0.3 0.0105697
0.933333 0.3 0.00729578
0.966667 0.3 0.0037719
0.0333333 0.333333 0.00351894
0.0666667 0.333333 0.00680283
0.1 0.333333 0.0098504
0.133333 0.333333 0.0126596
0.166667 0.333333 0.0152293
0.2 0.333333 0.017558
0.233333 0.333333 0.0196446
0.266667 0.333333 0.0214884
0.3 0.333333 0.0230882
0.333333 0.333333 0.0244432
0.366667 0.333333 0.0255527
0.4 0.333333 0.0264165
0.433333 0.333333 0.0270334
0.466667 0.333333 0.027404
0.5 0.333333 0.0275276
0.533333 0.333333 0.0274042
0.566667 0.333333 0.0270342
0.6 0.333333 0.0264173
0.633333 0.333333 0.0255538
0.666667 0.333333 0.0244445
0.7 0.333333 0.0230898
0.733333 0.333333 0.02149
0.766667 0.333333 0.0196464
0.8 0.333333 0.0175599
0.833333 0.333333 0.0152311
0.866667 0.333333 0.0126612
0.9 0.333333 0.00985162
0.933333 0.333333 0.00680369
0.966667 0.333333 0.00351938
0.0333333 0.366667 0.00308535
0.0666667 0.366667 0.00596623
0.1 0.366667 0.0086414
0.133333 0.366667 0.011109
0.166667 0.366667 0.0133678
0.2 0.366667 0.0154165
0.233333 0.366667 0.0172538
0.266667 0.366667 0.018879
0.3 0.366667 0.020291
0.333333 0.366667 0.0214887
0.366667 0.366667 0.0224715
0.4 0.366667 0.0232387
0.433333 0.366667 0.0237897
0.466667 0.366667 0.024124
0.5 0.366667 0.0242415
0.533333 0.366667 0.0241414
0.566667 0.366667 0.0238239
0.6 0.366667 0.0232889
0.633333 0.366667 0.0225362
0.666667 0.366667 0.0215661
0.7 0.366667 0.0203787
0.733333 0.366667 0.0189743
0.766667 0.366667 0.0173534
0.8 0.366667 0.0155167
0.833333 0.366667 0.0134644
0.866667 0.366667 0.0111973
0.9 0.366667 0.00871633
0.933333 0.366667 0.00602224
0.966667 0.366667 0.00311654
0.0333333 0.4 0.00251425
0.0666667 0.4 0.00486329
0.1 0.4 0.00704597
0.133333 0.4 0.0090607
0.166667 0.4 0.0109062
0.2 0.4 0.0125814
0.233333 0.4 0.0140851
0.266667 0.4 0.0154166
0.3 0.4 0.0165746
0.333333 0.4 0.0175584
0.366667 0.4 0.0183671
0.4 0.4 0.0190002
0.433333 0.4 0.0194568
0.466667 0.4 0.0197365
0.5 0.4 0.0198387
0.533333 0.4 0.0197632
0.566667 0.4 0.0195095
0.6 0.4 0.0190776
0.633333 0.4 0.018467
0.666667 0.4 0.0176777
0.7 0.4 0.01671
0.733333 0.4 0.0155635
0.766667 0.4 0.0142387
0.8 0.4 0.0127359
0.833333 0.4 0.0110552
0.866667 0.4 0.00919686
0.9 0.4 0.00716152
0.933333 0.4 0.00494971
0.966667 0.4 0.00256238
0.0333333 0.433333 0.00180792
0.0666667 0.433333 0.00349815
0.1 0.433333 0.00506969
0.133333 0.433333 0.0065213
0.166667 0.433333 0.00785202
0.2 0.433333 0.00906078
0.233333 0.433333 0.0101468
0.266667 0.433333 0.0111092
0.3 0.433333 0.0119473
0.333333 0.433333 0.0126601
0.366667 0.433333 0.0132471
0.4 0.433333 0.0137076
0.433333 0.433333 0.014041
0.466667 0.433333 0.0142469
0.5 0.433333 0.0143248
0.533333 0.433333 0.0142742
0.566667 0.433333 0.014095
0.6 0.433333 0.0137865
0.633333 0.433333 0.0133489
0.666667 0.433333 0.012782
0.7 0.433333 0.0120854
0.733333 0.433333 0.0112592
0.766667 0.433333 0.0103035
0.8 0.433333 0.00921846
0.833333 0.433333 0.00800398
0.866667 0.433333 0.00666026
0.9 0.433333 0.00518762
0.933333 0.433333 0.00358637
0.966667 0.433333 0.00185706
0.0333333 0.466667 0.00096889
0.0666667 0.466667 0.00187534
0.1 0.466667 0.00271872
0.133333 0.466667 0.00349827
0.166667 0.466667 0.00421345
0.2 0.466667 0.00486354
0.233333 0.466667 0.00544813
0.266667 0.466667 0.0059666
0.3 0.466667 0.00641855
0.333333 0.466667 0.00680344
0.366667 0.466667 0.00712075
0.4 0.466667 0.00737036
0.433333 0.466667 0.00755156
0.466667 0.466667 0.00766418
0.5 0.466667 0.00770806
0.533333 0.466667 0.00768268
0.566667 0.466667 0.00758786
0.6 0.466667 0.00742368
0.633333 0.466667 0.00718963
0.666667 0.466667 0.00688563
0.7 0.466667 0.00651182
0.733333 0.466667 0.00606789
0.766667 0.466667 0.00555393
0.8 0.466667 0.00497001
0.833333 0.466667 0.00431602
0.866667 0.466667 0.0035921
0.9 0.466667 0.00279833
0.933333 0.466667 0.0019349
0.966667 0.466667 0.00100206
