0.025 0.025 0.00057885
0.05 0.025 0.00112766
0.075 0.025 0.00164625
0.1 0.025 0.00213427
0.125 0.025 0.00259165
0.15 0.025 0.00301802
0.175 0.025 0.00341341
0.2 0.025 0.00377751
0.225 0.025 0.0041103
0.25 0.025 0.00441172
0.275 0.025 0.00468181
0.3 0.025 0.00492068
0.325 0.025 0.00512814
0.35 0.025 0.00530453
0.375 0.025 0.00544979
0.4 0.025 0.00556422
0.425 0.025 0.00564797
0.45 0.025 0.00570101
0.475 0.025 0.0057241
0.5 0.025 0.00571722
0.525 0.025 0.00568046
0.55 0.025 0.00561457
0.575 0.025 0.00551992
0.6 0.025 0.00539655
0.625 0.025 0.0052453
0.65 0.025 0.00506645
0.675 0.025 0.00486047
0.7 0.025 0.00462814
0.725 0.025 0.00436964
0.75 0.025 0.00408592
0.775 0.025 0.00377739
0.8 0.025 0.00344475
0.825 0.025 0.00308864
0.85 0.025 0.00270964
0.875 0.025 0.00230869
0.9 0.025 0.00188636
0.925 0.025 0.00144357
0.95 0.025 0.000981031
0.975 0.025 0.000499562
0.025 0.05 0.00109639
0.05 0.05 0.00213605
0.075 0.05 0.00311859
0.1 0.05 0.00404347
0.125 0.05 0.0049105
0.15 0.05 0.00571909
0.175 0.05 0.00646921
0.2 0.05 0.0071604
0.225 0.05 0.00779257
0.25 0.05 0.00836564
0.275 0.05 0.00887975
0.3 0.05 0.00933493
0.325 0.05 0.00973105
0.35 0.05 0.0100684
0.375 0.05 0.0103474
0.4 0.05 0.0105677
0.425 0.05 0.0107303
0.45 0.05 0.0108353
0.475 0.05 0.0108829
0.5 0.05 0.0108739
0.525 0.05 0.0108088
0.55 0.05 0.0106882
0.575 0.05 0.0105125
0.6 0.05 0.0102826
0.625 0.05 0.0099994
0.65 0.05 0.00966338
0.675 0.05 0.00927563
0.7 0.05 0.00883715
0.725 0.05 0.00834856
0.75 0.05 0.00781114
0.775 0.05 0.00722594
0.8 0.05 0.00659394
0.825 0.05 0.00591624
0.85 0.05 0.00519398
0.875 0.05 0.00442857
0.9 0.05 0.00362122
0.925 0.05 0.00277333
0.95 0.05 0.00188627
0.975 0.05 0.000961329
0.025 0.075 0.00155246
0.05 0.075 0.00302482
0.075 0.075 0.00441639
0.1 0.075 0.00572667
0.125 0.075 0.00695528
0.15 0.075 0.00810161
0.175 0.075 0.00916549
0.2 0.075 0.0101464
0.225 0.075 0.0110442
0.25 0.075 0.0118587
0.275 0.075 0.0125902
0.3 0.075 0.0132385
0.325 0.075 0.0138038
0.35 0.075 0.0142862
0.375 0.075 0.0146859
0.4 0.075 0.0150036
0.425 0.075 0.0152391
0.45 0.075 0.0153934
0.475 0.075 0.0154669
0.5 0.075 0.0154598
0.525 0.075 0.0153734
0.55 0.075 0.015208
0.575 0.075 0.0149646
0.6 0.075 0.0146442
0.625 0.075 0.0142474
0.65 0.075 0.0137756
0.675 0.075 0.0132298
0.7 0.075 0.012611
0.725 0.075 0.0119205
0.75 0.075 0.0111595
0.775 0.075 0.0103296
0.8 0.075 0.00943206
0.825 0.075 0.00846804
0.85 0.075 0.00743923
0.875 0.075 0.00634724
0.9 0.075 0.00519381
0.925 0.075 0.00398057
0.95 0.075 0.00270942
0.975 0.075 0.00138191
0.025 0.1 0.00194681
0.05 0.1 0.00379343
0.075 0.1 0.00553899
0.1 0.1 0.00718308
0.125 0.1 0.00872516
0.15 0.1 0.0101645
0.175 0.1 0.0115009
0.2 0.1 0.0127339
0.225 0.1 0.0138629
0.25 0.1 0.0148882
0.275 0.1 0.0158098
0.3 0.1 0.0166278
0.325 0.1 0.017342
0.35 0.1 0.0179525
0.375 0.1 0.0184602
0.4 0.1 0.0188648
0.425 0.1 0.019167
0.45 0.1 0.0193673
0.475 0.1 0.0194663
0.5 0.1 0.0194647
0.525 0.1 0.019363
0.55 0.1 0.0191625
0.575 0.1 0.0188636
0.6 0.1 0.0184676
0.625 0.1 0.0179756
0.65 0.1 0.0173882
0.675 0.1 0.0167075
0.7 0.1 0.0159341
0.725 0.1 0.0150695
0.75 0.1 0.0141152
0.775 0.1 0.0130728
0.8 0.1 0.0119439
0.825 0.1 0.0107296
0.85 0.1 0.00943188
0.875 0.1 0.00805254
0.9 0.1 0.0065936
0.925 0.1 0.00505683
0.95 0.1 0.0034444
0.975 0.1 0.00175805
0.025 0.125 0.0022794
0.05 0.125 0.00444182
0.075 0.125 0.00648627
0.1 0.125 0.00841239
0.125 0.125 0.0102195
0.15 0.125 0.0119069
0.175 0.125 0.0134743
0.2 0.125 0.0149212
0.225 0.125 0.0162471
0.25 0.125 0.017452
0.275 0.125 0.0185362
0.3 0.125 0.0194996
0.325 0.125 0.0203417
0.35 0.125 0.0210634
0.375 0.125 0.0216646
0.4 0.125 0.0221457
0.425 0.125 0.0225073
0.45 0.125 0.0227496
0.475 0.125 0.0228735
0.5 0.125 0.0228793
0.525 0.125 0.0227683
0.55 0.125 0.0225409
0.575 0.125 0.0221982
0.6 0.125 0.021741
0.625 0.125 0.0211708
0.65 0.125 0.0204884
0.675 0.125 0.0196951
0.7 0.125 0.0187925
0.725 0.125 0.0177815
0.75 0.125 0.016664
0.775 0.125 0.0154416
0.8 0.125 0.0141158
0.825 0.125 0.0126878
0.85 0.125 0.0111597
0.875 0.125 0.00953344
0.9 0.125 0.00781094
0.925 0.125 0.00599429
0.95 0.125 0.00408559
0.975 0.125 0.00208673
0.025 0.15 0.00255013
0.05 0.15 0.00496979
0.075 0.15 0.0072579
0.1 0.15 0.00941421
0.125 0.15 0.0114379
0.15 0.15 0.0133282
0.175 0.15 0.0150851
0.2 0.15 0.0167076
0.225 0.15 0.0181954
0.25 0.15 0.0195484
0.275 0.15 0.0207671
0.3 0.15 0.021851
0.325 0.15 0.0228001
0.35 0.15 0.0236147
0.375 0.15 0.0242951
0.4 0.15 0.0248414
0.425 0.15 0.025254
0.45 0.15 0.0255336
0.475 0.15 0.0256808
0.5 0.15 0.0256959
0.525 0.15 0.02558
0.55 0.15 0.0253336
0.575 0.15 0.0249577
0.6 0.15 0.0244535
0.625 0.15 0.0238217
0.65 0.15 0.0230635
0.675 0.15 0.0221801
0.7 0.15 0.0211731
0.725 0.15 0.0200435
0.75 0.15 0.0187927
0.775 0.15 0.0174229
0.8 0.15 0.015935
0.825 0.15 0.0143306
0.85 0.15 0.0126114
0.875 0.15 0.0107796
0.9 0.15 0.00883705
0.925 0.15 0.00678573
0.95 0.15 0.00462784
0.975 0.15 0.00236516
0.025 0.175 0.00275912
0.05 0.175 0.00537754
0.075 0.175 0.00785416
0.1 0.175 0.0101888
0.125 0.175 0.0123804
0.15 0.175 0.0144286
0.175 0.175 0.0163328
0.2 0.175 0.0180923
0.225 0.175 0.0197069
0.25 0.175 0.0211762
0.275 0.175 0.0225009
0.3 0.175 0.0236804
0.325 0.175 0.0247144
0.35 0.175 0.0256034
0.375 0.175 0.0263477
0.4 0.175 0.0269471
0.425 0.175 0.0274022
0.45 0.175 0.0277137
0.475 0.175 0.0278817
0.5 0.175 0.0279069
0.525 0.175 0.02779
0.55 0.175 0.0275318
0.575 0.175 0.0271329
0.6 0.175 0.0265944
0.625 0.175 0.0259172
0.65 0.175 0.025102
0.675 0.175 0.0241506
0.7 0.175 0.0230639
0.725 0.175 0.0218427
0.75 0.175 0.0204889
0.775 0.175 0.0190042
0.8 0.175 0.0173895
0.825 0.175 0.0156463
0.85 0.175 0.0137762
0.875 0.175 0.0117814
0.9 0.175 0.00966336
0.925 0.175 0.00742432
0.95 0.175 0.00506618
0.975 0.175 0.00259068
0.025 0.2 0.00290643
0.05 0.2 0.00566516
0.075 0.2 0.00827515
0.1 0.2 0.0107361
0.125 0.2 0.0130472
0.15 0.2 0.0152078
0.175 0.2 0.0172175
0.2 0.2 0.0190755
0.225 0.2 0.0207812
0.25 0.2 0.0223349
0.275 0.2 0.0237366
0.3 0.2 0.024986
0.325 0.2 0.0260827
0.35 0.2 0.027027
0.375 0.2 0.0278193
0.4 0.2 0.0284594
0.425 0.2 0.0289477
0.45 0.2 0.0292846
0.475 0.2 0.0294706
0.5 0.2 0.0295059
0.525 0.2 0.0293915
0.55 0.2 0.0291277
0.575 0.2 0.0287153
0.6 0.2 0.028155
0.625 0.2 0.0274479
0.65 0.2 0.0265945
0.675 0.2 0.0255961
0.7 0.2 0.0244539
0.725 0.2 0.0231685
0.75 0.2 0.0217416
0.775 0.2 0.0201746
0.8 0.2 0.0184687
0.825 0.2 0.0166248
0.85 0.2 0.0146446
0.875 0.2 0.0125299
0.9 0.2 0.0102824
0.925 0.2 0.00790392
0.95 0.2 0.00539623
0.975 0.2 0.00276092
0.025 0.225 0.00299225
0.05 0.225 0.00583302
0.075 0.225 0.00852135
0.1 0.225 0.0110569
0.125 0.225 0.0134388
0.15 0.225 0.0156665
0.175 0.225 0.0177394
0.2 0.225 0.0196569
0.225 0.225 0.0214184
0.25 0.225 0.0230238
0.275 0.225 0.0244735
0.3 0.225 0.0257668
0.325 0.225 0.0269035
0.35 0.225 0.0278837
0.375 0.225 0.0287078
0.4 0.225 0.0293753
0.425 0.225 0.0298867
0.45 0.225 0.0302425
0.475 0.225 0.0304428
0.5 0.225 0.0304879
0.525 0.225 0.0303785
0.55 0.225 0.0301149
0.575 0.225 0.0296977
0.6 0.225 0.0291279
0.625 0.225 0.0284057
0.65 0.225 0.0275319
0.675 0.225 0.0265077
0.7 0.225 0.025334
0.725 0.225 0.0240113
0.75 0.225 0.0225412
0.775 0.225 0.0209249
0.8 0.225 0.0191633
0.825 0.225 0.0172573
0.85 0.225 0.0152082
0.875 0.225 0.0130179
0.9 0.225 0.0106876
0.925 0.225 0.00821919
0.95 0.225 0.00561413
0.975 0.225 0.0028738
0.025 0.25 0.00301678
0.05 0.25 0.00588153
0.075 0.25 0.00859323
0.1 0.25 0.0111516
0.125 0.25 0.0135558
0.15 0.25 0.0158052
0.175 0.25 0.0178992
0.2 0.25 0.0198373
0.225 0.25 0.0216185
0.25 0.25 0.0232433
0.275 0.25 0.0247114
0.3 0.25 0.0260226
0.325 0.25 0.027176
0.35 0.25 0.0281722
0.375 0.25 0.0290112
0.4 0.25 0.0296926
0.425 0.25 0.0302169
0.45 0.25 0.0305842
0.475 0.25 0.0307946
0.5 0.25 0.0308483
0.525 0.25 0.0307461
0.55 0.25 0.030488
0.575 0.25 0.0300745
0.6 0.25 0.0295061
0.625 0.25 0.0287835
0.65 0.25 0.027907
0.675 0.25 0.0268777
0.7 0.25 0.0256962
0.725 0.25 0.0243632
0.75 0.25 0.0228795
0.775 0.25 0.0212467
0.8 0.25 0.0194653
0.825 0.25 0.0175359
0.85 0.25 0.0154598
0.875 0.25 0.0132386
0.9 0.25 0.0108733
0.925 0.25 0.00836548
0.95 0.25 0.00571654
0.975 0.25 0.00292749
0.025 0.275 0.00298041
0.05 0.275 0.00581129
0.075 0.275 0.00849174
0.1 0.275 0.0110213
0.125 0.275 0.0133994
0.15 0.275 0.0156251
0.175 0.275 0.0176981
0.2 0.275 0.0196175
0.225 0.275 0.0213828
0.25 0.275 0.0229938
0.275 0.275 0.0244508
0.3 0.275 0.025753
0.325 0.275 0.0269
0.35 0.275 0.0278918
0.375 0.275 0.0287286
0.4 0.275 0.02941
0.425 0.275 0.029936
0.45 0.275 0.030307
0.475 0.275 0.0305229
0.5 0.275 0.030584
0.525 0.275 0.0304904
0.55 0.275 0.0302424
0.575 0.275 0.0298402
0.6 0.275 0.0292847
0.625 0.275 0.0285756
0.65 0.275 0.0277136
0.675 0.275 0.0266995
0.7 0.275 0.0255339
0.725 0.275 0.0242167
0.75 0.275 0.0227495
0.775 0.275 0.021133
0.8 0.275 0.0193677
0.825 0.275 0.017454
0.85 0.275 0.0153932
0.875 0.275 0.0131863
0.9 0.275 0.0108344
0.925 0.275 0.00833874
0.95 0.275 0.00570048
0.975 0.275 0.00292043
0.025 0.3 0.00288349
0.05 0.3 0.00562306
0.075 0.3 0.00821776
0.1 0.3 0.0106673
0.125 0.3 0.0129708
0.15 0.3 0.0151277
0.175 0.3 0.0171374
0.2 0.3 0.0189992
0.225 0.3 0.0207123
0.25 0.3 0.0222768
0.275 0.3 0.0236926
0.3 0.3 0.0249592
0.325 0.3 0.0260758
0.35 0.3 0.0270428
0.375 0.3 0.0278598
0.4 0.3 0.0285265
0.425 0.3 0.0290432
0.45 0.3 0.0294097
0.475 0.3 0.0296261
0.5 0.3 0.0296922
0.525 0.3 0.0296085
0.55 0.3 0.0293749
0.575 0.3 0.0289918
0.6 0.3 0.0284592
0.625 0.3 0.0277775
0.65 0.3 0.0269468
0.675 0.3 0.025968
0.7 0.3 0.0248412
0.725 0.3 0.0235668
0.75 0.3 0.0221454
0.775 0.3 0.0205781
0.8 0.3 0.0188649
0.825 0.3 0.0170063
0.85 0.3 0.0150031
0.875 0.3 0.0128563
0.9 0.3 0.0105669
0.925 0.3 0.00813554
0.95 0.3 0.00556353
0.975 0.3 0.00285126
0.025 0.325 0.0027265
0.05 0.325 0.00531768
0.075 0.325 0.00777256
0.1 0.325 0.0100909
0.125 0.325 0.0122718
0.15 0.325 0.0143147
0.175 0.325 0.016219
0.2 0.325 0.0179838
0.225 0.325 0.0196088
0.25 0.325 0.0210936
0.275 0.325 0.0224383
0.3 0.325 0.0236422
0.325 0.325 0.0247047
0.35 0.325 0.0256256
0.375 0.325 0.0264052
0.4 0.325 0.0270426
0.425 0.325 0.0275381
0.45 0.325 0.0278915
0.475 0.325 0.0281027
0.5 0.325 0.0281718
0.525 0.325 0.0280987
0.55 0.325 0.0278834
0.575 0.325 0.027526
0.6 0.325 0.0270269
0.625 0.325 0.0263859
0.65 0.325 0.0256033
0.675 0.325 0.0246794
0.7 0.325 0.0236147
0.725 0.325 0.0224089
0.75 0.325 0.021063
0.775 0.325 0.0195775
0.8 0.325 0.0179526
0.825 0.325 0.0161885
0.85 0.325 0.0142857
0.875 0.325 0.0122451
0.9 0.325 0.0100675
0.925 0.325 0.00775342
0.95 0.325 0.00530383
0.975 0.325 0.00271901
0.025 0.35 0.00250997
0.05 0.35 0.0048961
0.075 0.35 0.00715743
0.1 0.35 0.00929372
0.125 0.35 0.0113041
0.15 0.35 0.013188
0.175 0.35 0.0149449
0.2 0.35 0.0165739
0.225 0.35 0.0180746
0.25 0.35 0.0194466
0.275 0.35 0.02069
0.3 0.35 0.021804
0.325 0.35 0.022788
0.35 0.35 0.0236422
0.375 0.35 0.0243659
0.4 0.35 0.024959
0.425 0.35 0.0254211
0.45 0.35 0.0257527
0.475 0.35 0.0259529
0.5 0.35 0.026022
0.525 0.35 0.02596
0.55 0.35 0.0257665
0.575 0.35 0.0254418
0.6 0.35 0.0249859
0.625 0.35 0.0243988
0.65 0.35 0.0236802
0.675 0.35 0.0228311
0.7 0.35 0.0218511
0.725 0.35 0.0207404
0.75 0.35 0.0194993
0.775 0.35 0.0181285
0.8 0.35 0.0166279
0.825 0.35 0.0149977
0.85 0.35 0.0132381
0.875 0.35 0.0113502
0.9 0.35 0.00933407
0.925 0.35 0.00719047
0.95 0.35 0.00492004
0.975 0.35 0.00252294
0.025 0.375 0.00223457
0.05 0.375 0.00435954
0.075 0.375 0.00637408
0.1 0.375 0.00827784
0.125 0.375 0.0100702
0.15 0.375 0.0117502
0.175 0.375 0.0133178
0.2 0.375 0.0147719
0.225 0.375 0.0161122
0.25 0.375 0.0173383
0.275 0.375 0.01845
0.3 0.375 0.0194469
0.325 0.375 0.0203282
0.35 0.375 0.0210939
0.375 0.375 0.0217436
0.4 0.375 0.0222769
0.425 0.375 0.0226939
0.45 0.375 0.0229939
0.475 0.375 0.0231773
0.5 0.375 0.0232434
0.525 0.375 0.0231924
0.55 0.375 0.0230242
0.575 0.375 0.0227384
0.6 0.375 0.0223354
0.625 0.375 0.0218149
0.65 0.375 0.0211769
0.675 0.375 0.0204216
0.7 0.375 0.0195492
0.725 0.375 0.0185592
0.75 0.375 0.0174524
0.775 0.375 0.0162289
0.8 0.375 0.0148888
0.825 0.375 0.0134319
0.85 0.375 0.0118587
0.875 0.375 0.0101697
0.9 0.375 0.00836519
0.925 0.375 0.00644556
0.95 0.375 0.00441134
0.975 0.375 0.0022626
0.025 0.4 0.00190091
0.05 0.4 0.00370922
0.075 0.4 0.00542413
0.1 0.4 0.00704536
0.125 0.4 0.00857223
0.15 0.4 0.0100042
0.175 0.4 0.0113406
0.2 0.4 0.012581
0.225 0.4 0.0137248
0.25 0.4 0.0147717
0.275 0.4 0.0157216
0.3 0.4 0.0165739
0.325 0.4 0.017328
0.35 0.4 0.0179837
0.375 0.4 0.0185409
0.4 0.4 0.018999
0.425 0.4 0.0193579
0.45 0.4 0.0196174
0.475 0.4 0.0197771
0.5 0.4 0.0198372
0.525 0.4 0.0197972
0.55 0.4 0.019657
0.575 0.4 0.0194165
0.6 0.4 0.0190758
0.625 0.4 0.0186347
0.65 0.4 0.0180928
0.675 0.4 0.0174507
0.7 0.4 0.0167081
0.725 0.4 0.015865
0.75 0.4 0.0149215
0.775 0.4 0.0138781
0.8 0.4 0.0127344
0.825 0.4 0.0114905
0.85 0.4 0.0101465
0.875 0.4 0.008703
0.9 0.4 0.00715996
0.925 0.4 0.00551798
0.95 0.4 0.00377718
0.975 0.4 0.00193771
0.025 0.425 0.00150982
0.05 0.425 0.00294656
0.075 0.425 0.00430965
0.1 0.425 0.00559867
0.125 0.425 0.00681318
0.15 0.425 0.00795259
0.175 0.425 0.00901651
0.2 0.425 0.0100044
0.225 0.425 0.0109158
0.25 0.425 0.0117504
0.275 0.425 0.0125082
0.3 0.425 0.0131884
0.325 0.425 0.0137908
0.35 0.425 0.014315
0.375 0.425 0.014761
0.4 0.425 0.0151282
0.425 0.425 0.0154163
0.45 0.425 0.0156256
0.475 0.425 0.0157555
0.5 0.425 0.0158057
0.525 0.425 0.0157764
0.55 0.425 0.0156672
0.575 0.425 0.0154781
0.6 0.425 0.0152088
0.625 0.425 0.0148593
0.65 0.425 0.0144297
0.675 0.425 0.0139196
0.7 0.425 0.0133294
0.725 0.425 0.0126587
0.75 0.425 0.0119078
0.775 0.425 0.0110767
0.8 0.425 0.0101654
0.825 0.425 0.00917383
0.85 0.425 0.00810205
0.875 0.425 0.00695049
0.9 0.425 0.00571907
0.925 0.425 0.00440823
0.95 0.425 0.00301796
0.975 0.425 0.00154847
0.025 0.45 0.00106201
0.05 0.45 0.00207297
0.075 0.45 0.00303253
0.1 0.45 0.00394026
0.125 0.45 0.00479591
0.15 0.45 0.00559889
0.175 0.45 0.00634907
0.2 0.45 0.00704586
0.225 0.45 0.00768904
0.25 0.45 0.00827832
0.275 0.45 0.00881357
0.3 0.45 0.00929446
0.325 0.45 0.00972045
0.35 0.45 0.0100917
0.375 0.45 0.0104076
0.4 0.45 0.0106682
0.425 0.45 0.0108731
0.45 0.45 0.0110223
0.475 0.45 0.0111156
0.5 0.45 0.0111527
0.525 0.45 0.0111335
0.55 0.45 0.0110582
0.575 0.45 0.0109261
0.6 0.45 0.0107374
0.625 0.45 0.0104923
0.65 0.45 0.0101901
0.675 0.45 0.00983136
0.7 0.45 0.00941566
0.725 0.45 0.00894308
0.75 0.45 0.0084136
0.775 0.45 0.00782742
0.8 0.45 0.00718432
0.825 0.45 0.0064843
0.85 0.45 0.00572742
0.875 0.45 0.00491393
0.9 0.45 0.00404378
0.925 0.45 0.00311725
0.95 0.45 0.00213433
0.975 0.45 0.00109523
0.025 0.475 0.000558456
0.05 0.475 0.00109024
0.075 0.475 0.00159522
0.1 0.475 0.00207306
0.125 0.475 0.00252371
0.15 0.475 0.00294675
0.175 0.475 0.00334218
0.2 0.475 0.00370959
0.225 0.475 0.0040489
0.25 0.475 0.00435995
0.275 0.475 0.00464254
0.3 0.475 0.00489668
0.325 0.475 0.00512184
0.35 0.475 0.00531823
0.375 0.475 0.00548562
0.4 0.475 0.00562361
0.425 0.475 0.00573259
0.45 0.475 0.00581205
0.475 0.475 0.00586183
0.5 0.475 0.00588234
0.525 0.475 0.00587306
0.55 0.475 0.00583374
0.575 0.475 0.00576491
0.6 0.475 0.00566614
0.625 0.475 0.00553719
0.65 0.475 0.00537845
0.675 0.475 0.0051896
0.7 0.475 0.00497068
0.725 0.475 0.00472168
0.75 0.475 0.00444256
0.775 0.475 0.00413341
0.8 0.475 0.00379416
0.825 0.475 0.00342475
0.85 0.475 0.00302526
0.875 0.475 0.00259578
0.9 0.475 0.0021363
0.925 0.475 0.00164695
0.95 0.475 0.00112774
0.975 0.475 0.000578753
