0.0166667 0.0166667 0.00026412
0.0333333 0.0166667 0.000519164
0.05 0.0166667 0.00076517
0.0666667 0.0166667 0.001002
0.0833333 0.0166667 0.00122967
0.1 0.0166667 0.00144806
0.116667 0.0166667 0.00165719
0.133333 0.0166667 0.001857
0.15 0.0166667 0.00204744
0.166667 0.0166667 0.00222847
0.183333 0.0166667 0.00240014
0.2 0.0166667 0.00256234
0.216667 0.0166667 0.00271516
0.233333 0.0166667 0.00285844
0.25 0.0166667 0.00299231
0.266667 0.0166667 0.00311666
0.283333 0.0166667 0.00323153
0.3 0.0166667 0.00333696
0.316667 0.0166667 0.00343283
0.333333 0.0166667 0.00351937
0.35 0.0166667 0.00359647
0.366667 0.0166667 0.00366414
0.383333 0.0166667 0.00372256
0.4 0.0166667 0.00377152
0.416667 0.0166667 0.00381129
0.433333 0.0166667 0.00384193
0.45 0.0166667 0.00386316
0.466667 0.0166667 0.00387548
0.483333 0.0166667 0.00387873
0.5 0.0166667 0.00387275
0.516667 0.0166667 0.00385821
0.533333 0.0166667 0.00383456
0.55 0.0166667 0.00380208
0.566667 0.0166667 0.00376123
0.583333 0.0166667 0.00371142
0.6 0.0166667 0.00365322
0.616667 0.0166667 0.00358671
0.633333 0.0166667 0.00351164
0.65 0.0166667 0.00342851
0.666667 0.0166667 0.00333719
0.683333 0.0166667 0.00323779
0.7 0.0166667 0.00313066
0.716667 0.0166667 0.00301558
0.733333 0.0166667 0.00289289
0.75 0.0166667 0.00276263
0.766667 0.0166667 0.00262489
0.783333 0.0166667 0.00247998
0.8 0.0166667 0.00232781
0.816667 0.0166667 0.00216876
0.833333 0.0166667 0.00200279
0.85 0.0166667 0.00183017
0.866667 0.0166667 0.00165097
0.883333 0.0166667 0.00146535
0.9 0.0166667 0.0012735
0.916667 0.0166667 0.00107552
0.933333 0.0166667 0.000871638
0.95 0.0166667 0.000661946
0.966667 0.0166667 0.000446687
0.983333 0.0166667 0.000225961
0.0166667 0.0333333 0.0005099
0.0333333 0.0333333 0.00100236
0.05 0.0333333 0.0014774
0.0666667 0.0333333 0.00193474
0.0833333 0.0333333 0.00237444
0.1 0.0333333 0.00279625
0.116667 0.0333333 0.00320023
0.133333 0.0333333 0.00358625
0.15 0.0333333 0.00395423
0.166667 0.0333333 0.00430413
0.183333 0.0333333 0.00463596
0.2 0.0333333 0.00494966
0.216667 0.0333333 0.00524521
0.233333 0.0333333 0.00552253
0.25 0.0333333 0.00578165
0.266667 0.0333333 0.00602252
0.283333 0.0333333 0.00624514
0.3 0.0333333 0.0064495
0.316667 0.0333333 0.00663564
0.333333 0.0333333 0.00680364
0.35 0.0333333 0.00695357
0.366667 0.0333333 0.00708542
0.383333 0.0333333 0.00719921
0.4 0.0333333 0.00729509
0.416667 0.0333333 0.00737313
0.433333 0.0333333 0.0074333
0.45 0.0333333 0.00747593
0.466667 0.0333333 0.00750084
0.483333 0.0333333 0.00750825
0.5 0.0333333 0.00749856
0.516667 0.0333333 0.00747123
0.533333 0.0333333 0.00742705
0.55 0.0333333 0.00736593
0.566667 0.0333333 0.00728775
0.583333 0.0333333 0.00719313
0.6 0.0333333 0.00708185
0.616667 0.0333333 0.00695427
0.633333 0.0333333 0.00681056
0.65 0.0333333 0.00665079
0.666667 0.0333333 0.00647521
0.683333 0.0333333 0.00628405
0.7 0.0333333 0.00607755
0.716667 0.0333333 0.00585582
0.733333 0.0333333 0.00561906
0.75 0.0333333 0.00536753
0.766667 0.0333333 0.00510145
0.783333 0.0333333 0.00482114
0.8 0.0333333 0.00452678
0.816667 0.0333333 0.0042187
0.833333 0.0333333 0.00389714
0.85 0.0333333 0.00356236
0.866667 0.0333333 0.00321463
0.883333 0.0333333 0.00285417
0.9 0.0333333 0.00248134
0.916667 0.0333333 0.00209636
0.933333 0.0333333 0.00169956
0.95 0.0333333 0.0012912
0.966667 0.0333333 0.000871634
0.983333 0.0333333 0.000441114
0.0166667 0.05 0.0007374
0.0333333 0.05 0.00144962
0.05 0.05 0.00213662
0.0666667 0.05 0.00279806
0.0833333 0.05 0.00343406
0.1 0.05 0.00404423
0.116667 0.05 0.00462872
0.133333 0.05 0.00518729
0.15 0.05 0.00571988
0.166667 0.05 0.00622641
0.183333 0.05 0.00670687
0.2 0.05 0.00716126
0.216667 0.05 0.00758941
0.233333 0.05 0.00799138
0.25 0.05 0.00836702
0.266667 0.05 0.00871644
0.283333 0.05 0.00903954
0.3 0.05 0.00933628
0.316667 0.05 0.00960687
0.333333 0.05 0.00985118
0.35 0.05 0.0100695
0.366667 0.05 0.0102618
0.383333 0.05 0.0104279
0.4 0.05 0.0105684
0.416667 0.05 0.0106829
0.433333 0.05 0.0107718
0.45 0.05 0.0108351
0.466667 0.05 0.0108731
0.483333 0.05 0.0108859
0.5 0.05 0.0108733
0.516667 0.05 0.010836
0.533333 0.05 0.0107739
0.55 0.05 0.0106871
0.566667 0.05 0.010576
0.583333 0.05 0.0104407
0.6 0.05 0.0102815
0.616667 0.05 0.0100983
0.633333 0.05 0.00989193
0.65 0.05 0.0096621
0.666667 0.05 0.00940917
0.683333 0.05 0.00913376
0.7 0.05 0.00883571
0.716667 0.05 0.00851561
0.733333 0.05 0.00817346
0.75 0.05 0.00780964
0.766667 0.05 0.00742463
0.783333 0.05 0.00701857
0.8 0.05 0.00659204
0.816667 0.05 0.00614518
0.833333 0.05 0.00567854
0.85 0.05 0.00519235
0.866667 0.05 0.00468701
0.883333 0.05 0.00416282
0.9 0.05 0.00362023
0.916667 0.05 0.00305961
0.933333 0.05 0.00248132
0.95 0.05 0.0018858
0.966667 0.05 0.00127347
0.983333 0.05 0.000644721
0.0166667 0.0666667 0.000946463
0.0333333 0.0666667 0.00186067
0.05 0.0666667 0.00274251
0.0666667 0.0666667 0.00359169
0.0833333 0.0666667 0.00440826
0.1 0.0666667 0.00519177
0.116667 0.0666667 0.00594239
0.133333 0.0666667 0.00665982
0.15 0.0666667 0.00734401
0.166667 0.0666667 0.00799481
0.183333 0.0666667 0.0086123
0.2 0.0666667 0.00919641
0.216667 0.0666667 0.00974701
0.233333 0.0666667 0.0102641
0.25 0.0666667 0.0107475
0.266667 0.0666667 0.0111974
0.283333 0.0666667 0.0116136
0.3 0.0666667 0.0119961
0.316667 0.0666667 0.0123451
0.333333 0.0666667 0.0126605
0.35 0.0666667 0.0129427
0.366667 0.0666667 0.0131914
0.383333 0.0666667 0.0134069
0.4 0.0666667 0.0135891
0.416667 0.0666667 0.0137385
0.433333 0.0666667 0.0138548
0.45 0.0666667 0.0139383
0.466667 0.0666667 0.0139895
0.483333 0.0666667 0.0140081
0.5 0.0666667 0.0139944
0.516667 0.0666667 0.0139488
0.533333 0.0666667 0.0138714
0.55 0.0666667 0.0137621
0.566667 0.0666667 0.0136218
0.583333 0.0666667 0.0134502
0.6 0.0666667 0.0132476
0.616667 0.0666667 0.0130147
0.633333 0.0666667 0.0127512
0.65 0.0666667 0.0124578
0.666667 0.0666667 0.0121346
0.683333 0.0666667 0.011782
0.7 0.0666667 0.0114004
0.716667 0.0666667 0.01099
0.733333 0.0666667 0.0105512
0.75 0.0666667 0.0100841
0.766667 0.0666667 0.00958952
0.783333 0.0666667 0.00906758
0.8 0.0666667 0.00851886
0.816667 0.0666667 0.00794368
0.833333 0.0666667 0.00734258
0.85 0.0666667 0.00671595
0.866667 0.0666667 0.00606416
0.883333 0.0666667 0.00538765
0.9 0.0666667 0.00468689
0.916667 0.0666667 0.00396241
0.933333 0.0666667 0.00321456
0.95 0.0666667 0.00244391
0.966667 0.0666667 0.00165092
0.983333 0.0666667 0.000836117
0.0166667 0.0833333 0.00113713
0.0333333 0.0833333 0.00223559
0.05 0.0833333 0.00329515
0.0666667 0.0833333 0.00431564
0.0833333 0.0833333 0.0052969
0.1 0.0833333 0.00623862
0.116667 0.0833333 0.00714084
0.133333 0.0833333 0.00800342
0.15 0.0833333 0.0088261
0.166667 0.0833333 0.00960889
0.183333 0.0833333 0.0103517
0.2 0.0833333 0.0110546
0.216667 0.0833333 0.0117174
0.233333 0.0833333 0.01234
0.25 0.0833333 0.0129224
0.266667 0.0833333 0.0134645
0.283333 0.0833333 0.0139663
0.3 0.0833333 0.0144278
0.316667 0.0833333 0.014849
0.333333 0.0833333 0.0152303
0.35 0.0833333 0.0155715
0.366667 0.0833333 0.0158727
0.383333 0.0833333 0.016134
0.4 0.0833333 0.0163555
0.416667 0.0833333 0.0165375
0.433333 0.0833333 0.01668
0.45 0.0833333 0.0167832
0.466667 0.0833333 0.0168472
0.483333 0.0833333 0.0168724
0.5 0.0833333 0.0168588
0.516667 0.0833333 0.0168066
0.533333 0.0833333 0.0167161
0.55 0.0833333 0.0165878
0.566667 0.0833333 0.0164215
0.583333 0.0833333 0.0162177
0.6 0.0833333 0.0159767
0.616667 0.0833333 0.0156988
0.633333 0.0833333 0.0153844
0.65 0.0833333 0.0150335
0.666667 0.0833333 0.0146468
0.683333 0.0833333 0.0142243
0.7 0.0833333 0.0137669
0.716667 0.0833333 0.0132745
0.733333 0.0833333 0.0127475
0.75 0.0833333 0.0121864
0.766667 0.0833333 0.0115915
0.783333 0.0833333 0.0109635
0.8 0.0833333 0.0103028
0.816667 0.0833333 0.00960979
0.833333 0.0833333 0.00888512
0.85 0.0833333 0.00812913
0.866667 0.0833333 0.0073424
0.883333 0.0833333 0.00652518
0.9 0.0833333 0.00567825
0.916667 0.0833333 0.00480197
0.933333 0.0833333 0.00389693
0.95 0.0833333 0.00296363
0.966667 0.0833333 0.00200268
0.983333 0.0833333 0.0010146
0.0166667 0.1 0.00130932
0.0333333 0.1 0.00257418
0.05 0.1 0.0037943
0.0666667 0.1 0.00496958
0.0833333 0.1 0.00609973
0.1 0.1 0.00718456
0.116667 0.1 0.00822401
0.133333 0.1 0.00921793
0.15 0.1 0.010166
0.166667 0.1 0.0110683
0.183333 0.1 0.0119248
0.2 0.1 0.0127354
0.216667 0.1 0.0135
0.233333 0.1 0.0142184
0.25 0.1 0.0148908
0.266667 0.1 0.0155169
0.283333 0.1 0.0160968
0.3 0.1 0.0166303
0.316667 0.1 0.0171177
0.333333 0.1 0.017559
0.35 0.1 0.0179546
0.366667 0.1 0.018304
0.383333 0.1 0.0186077
0.4 0.1 0.0188657
0.416667 0.1 0.0190782
0.433333 0.1 0.0192454
0.45 0.1 0.0193671
0.466667 0.1 0.0194441
0.483333 0.1 0.0194761
0.5 0.1 0.0194634
0.516667 0.1 0.0194065
0.533333 0.1 0.0193054
0.55 0.1 0.0191603
0.566667 0.1 0.0189718
0.583333 0.1 0.0187399
0.6 0.1 0.0184649
0.616667 0.1 0.0181473
0.633333 0.1 0.0177873
0.65 0.1 0.0173854
0.666667 0.1 0.0169416
0.683333 0.1 0.0164567
0.7 0.1 0.015931
0.716667 0.1 0.0153647
0.733333 0.1 0.0147582
0.75 0.1 0.0141119
0.766667 0.1 0.0134264
0.783333 0.1 0.0127022
0.8 0.1 0.0119397
0.816667 0.1 0.0111396
0.833333 0.1 0.0103023
0.85 0.1 0.00942832
0.866667 0.1 0.00851822
0.883333 0.1 0.00757232
0.9 0.1 0.00659141
0.916667 0.1 0.00557589
0.933333 0.1 0.00452635
0.95 0.1 0.00344338
0.966667 0.1 0.00232761
0.983333 0.1 0.0011796
0.0166667 0.116667 0.00146305
0.0333333 0.116667 0.0028765
0.05 0.116667 0.00424005
0.0666667 0.116667 0.00555359
0.0833333 0.116667 0.00681682
0.1 0.116667 0.00802954
0.116667 0.116667 0.00919167
0.133333 0.116667 0.010303
0.15 0.116667 0.0113634
0.166667 0.116667 0.0123728
0.183333 0.116667 0.0133311
0.2 0.116667 0.0142383
0.216667 0.116667 0.0150943
0.233333 0.116667 0.015899
0.25 0.116667 0.0166521
0.266667 0.116667 0.0173539
0.283333 0.116667 0.0180041
0.3 0.116667 0.0186028
0.316667 0.116667 0.0191499
0.333333 0.116667 0.0196458
0.35 0.116667 0.0200906
0.366667 0.116667 0.0204841
0.383333 0.116667 0.0208264
0.4 0.116667 0.0211179
0.416667 0.116667 0.0213587
0.433333 0.116667 0.0215486
0.45 0.116667 0.0216881
0.466667 0.116667 0.0217774
0.483333 0.116667 0.0218166
0.5 0.116667 0.0218058
0.516667 0.116667 0.0217455
0.533333 0.116667 0.0216358
0.55 0.116667 0.0214769
0.566667 0.116667 0.0212692
0.583333 0.116667 0.0210131
0.6 0.116667 0.0207085
0.616667 0.116667 0.0203561
0.633333 0.116667 0.0199563
0.65 0.116667 0.0195092
0.666667 0.116667 0.0190151
0.683333 0.116667 0.0184747
0.7 0.116667 0.0178884
0.716667 0.116667 0.0172563
0.733333 0.116667 0.0165789
0.75 0.116667 0.0158564
0.766667 0.116667 0.0150898
0.783333 0.116667 0.0142792
0.8 0.116667 0.0134255
0.816667 0.116667 0.0125289
0.833333 0.116667 0.0115902
0.85 0.116667 0.0106098
0.866667 0.116667 0.00958814
0.883333 0.116667 0.0085258
0.9 0.116667 0.00742339
0.916667 0.116667 0.00628152
0.933333 0.116667 0.00510061
0.95 0.116667 0.00388142
0.966667 0.116667 0.00262448
0.983333 0.116667 0.00133047
0.0166667 0.133333 0.00159828
0.0333333 0.133333 0.00314246
0.05 0.133333 0.00463225
0.0666667 0.133333 0.00606752
0.0833333 0.133333 0.00744796
0.1 0.133333 0.00877338
0.116667 0.133333 0.0100437
0.133333 0.133333 0.0112587
0.15 0.133333 0.0124182
0.166667 0.133333 0.0135221
0.183333 0.133333 0.0145705
0.2 0.133333 0.0155631
0.216667 0.133333 0.0165
0.233333 0.133333 0.0173809
0.25 0.133333 0.0182059
0.266667 0.133333 0.0189748
0.283333 0.133333 0.0196877
0.3 0.133333 0.0203442
0.316667 0.133333 0.0209448
0.333333 0.133333 0.0214894
0.35 0.133333 0.0219783
0.366667 0.133333 0.0224115
0.383333 0.133333 0.0227888
0.4 0.133333 0.0231106
0.416667 0.133333 0.023377
0.433333 0.133333 0.0235882
0.45 0.133333 0.023744
0.466667 0.133333 0.0238452
0.483333 0.133333 0.0238916
0.5 0.133333 0.0238834
0.516667 0.133333 0.0238211
0.533333 0.133333 0.0237046
0.55 0.133333 0.0235344
0.566667 0.133333 0.0233109
0.583333 0.133333 0.0230339
0.6 0.133333 0.0227041
0.616667 0.133333 0.022322
0.633333 0.133333 0.0218876
0.65 0.133333 0.0214012
0.666667 0.133333 0.0208633
0.683333 0.133333 0.0202745
0.7 0.133333 0.0196351
0.716667 0.133333 0.0189454
0.733333 0.133333 0.0182055
0.75 0.133333 0.0174161
0.766667 0.133333 0.0165777
0.783333 0.133333 0.0156909
0.8 0.133333 0.0147561
0.816667 0.133333 0.013774
0.833333 0.133333 0.0127451
0.85 0.133333 0.0116699
0.866667 0.133333 0.0105489
0.883333 0.133333 0.00938259
0.9 0.133333 0.00817156
0.916667 0.133333 0.00691649
0.933333 0.133333 0.00561776
0.95 0.133333 0.00427616
0.966667 0.133333 0.00289223
0.983333 0.133333 0.00146663
0.0166667 0.15 0.00171502
0.0333333 0.15 0.0033721
0.05 0.15 0.00497095
0.0666667 0.15 0.00651141
0.0833333 0.15 0.0079932
0.1 0.15 0.00941611
0.116667 0.15 0.01078
0.133333 0.15 0.0120848
0.15 0.15 0.0133301
0.166667 0.15 0.0145161
0.183333 0.15 0.0156425
0.2 0.15 0.0167095
0.216667 0.15 0.0177167
0.233333 0.15 0.0186642
0.25 0.15 0.0195517
0.266667 0.15 0.0203793
0.283333 0.15 0.0211468
0.3 0.15 0.0218541
0.316667 0.15 0.0225014
0.333333 0.15 0.023089
0.35 0.15 0.0236169
0.366667 0.15 0.0240851
0.383333 0.15 0.0244935
0.4 0.15 0.0248423
0.416667 0.15 0.025132
0.433333 0.15 0.0253622
0.45 0.15 0.0255333
0.466667 0.15 0.0256457
0.483333 0.15 0.0256992
0.5 0.15 0.025694
0.516667 0.15 0.0256309
0.533333 0.15 0.0255096
0.55 0.15 0.0253303
0.566667 0.15 0.0250937
0.583333 0.15 0.0247999
0.6 0.15 0.024449
0.616667 0.15 0.0240417
0.633333 0.15 0.023578
0.65 0.15 0.0230584
0.666667 0.15 0.0224831
0.683333 0.15 0.0218528
0.7 0.15 0.0211678
0.716667 0.15 0.0204283
0.733333 0.15 0.0196346
0.75 0.15 0.0187872
0.766667 0.15 0.0178867
0.783333 0.15 0.0169335
0.8 0.15 0.0159284
0.816667 0.15 0.0148716
0.833333 0.15 0.013764
0.85 0.15 0.0126058
0.866667 0.15 0.0113977
0.883333 0.15 0.0101401
0.9 0.15 0.00883351
0.916667 0.15 0.00747869
0.933333 0.15 0.00607599
0.95 0.15 0.00462619
0.966667 0.15 0.00312983
0.983333 0.15 0.00158756
0.0166667 0.166667 0.00181328
0.0333333 0.166667 0.00356541
0.05 0.166667 0.00525613
0.0666667 0.166667 0.00688524
0.0833333 0.166667 0.00845252
0.1 0.166667 0.00995768
0.116667 0.166667 0.0114006
0.133333 0.166667 0.0127813
0.15 0.166667 0.0140993
0.166667 0.166667 0.0153547
0.183333 0.166667 0.0165473
0.2 0.166667 0.0176773
0.216667 0.166667 0.0187443
0.233333 0.166667 0.0197482
0.25 0.166667 0.020689
0.266667 0.166667 0.0215666
0.283333 0.166667 0.0223809
0.3 0.166667 0.0231318
0.316667 0.166667 0.0238193
0.333333 0.166667 0.0244438
0.35 0.166667 0.0250054
0.366667 0.166667 0.0255039
0.383333 0.166667 0.0259393
0.4 0.166667 0.026312
0.416667 0.166667 0.0266219
0.433333 0.166667 0.0268693
0.45 0.166667 0.027054
0.466667 0.166667 0.0271767
0.483333 0.166667 0.0272372
0.5 0.166667 0.0272357
0.516667 0.166667 0.0271726
0.533333 0.166667 0.027048
0.55 0.166667 0.0268621
0.566667 0.166667 0.0266155
0.583333 0.166667 0.026308
0.6 0.166667 0.0259401
0.616667 0.166667 0.0255121
0.633333 0.166667 0.0250245
0.65 0.166667 0.0244773
0.666667 0.166667 0.0238709
0.683333 0.166667 0.023206
0.7 0.166667 0.0224829
0.716667 0.166667 0.0217017
0.733333 0.166667 0.0208626
0.75 0.166667 0.0199663
0.766667 0.166667 0.0190131
0.783333 0.166667 0.0180038
0.8 0.166667 0.0169387
0.816667 0.166667 0.0158184
0.833333 0.166667 0.0146435
0.85 0.166667 0.0134144
0.866667 0.166667 0.0121316
0.883333 0.166667 0.0107955
0.9 0.166667 0.00940676
0.916667 0.166667 0.00796599
0.933333 0.166667 0.0064735
0.95 0.166667 0.00493011
0.966667 0.166667 0.0033363
0.983333 0.166667 0.00169274
0.0166667 0.183333 0.00189308
0.0333333 0.183333 0.00372246
0.05 0.183333 0.00548789
0.0666667 0.183333 0.00718915
0.0833333 0.183333 0.00882603
0.1 0.183333 0.0103982
0.116667 0.183333 0.0119057
0.133333 0.183333 0.0133483
0.15 0.183333 0.0147256
0.166667 0.183333 0.0160379
0.183333 0.183333 0.0172848
0.2 0.183333 0.0184664
0.216667 0.183333 0.0195826
0.233333 0.183333 0.020633
0.25 0.183333 0.0216178
0.266667 0.183333 0.0225368
0.283333 0.183333 0.0233898
0.3 0.183333 0.0241768
0.316667 0.183333 0.0248977
0.333333 0.183333 0.0255531
0.35 0.183333 0.026143
0.366667 0.183333 0.026667
0.383333 0.183333 0.0271254
0.4 0.183333 0.0275181
0.416667 0.183333 0.0278457
0.433333 0.183333 0.0281079
0.45 0.183333 0.0283047
0.466667 0.183333 0.0284368
0.483333 0.183333 0.0285039
0.5 0.183333 0.0285062
0.516667 0.183333 0.0284442
0.533333 0.183333 0.0283179
0.55 0.183333 0.0281274
0.566667 0.183333 0.0278733
0.583333 0.183333 0.0275556
0.6 0.183333 0.0271745
0.616667 0.183333 0.0267306
0.633333 0.183333 0.026224
0.65 0.183333 0.025655
0.666667 0.183333 0.0250237
0.683333 0.183333 0.024331
0.7 0.183333 0.0235771
0.716667 0.183333 0.0227621
0.733333 0.183333 0.0218861
0.75 0.183333 0.0209498
0.766667 0.183333 0.0199537
0.783333 0.183333 0.0188982
0.8 0.183333 0.0177838
0.816667 0.183333 0.0166111
0.833333 0.183333 0.0153806
0.85 0.183333 0.0140927
0.866667 0.183333 0.0127479
0.883333 0.183333 0.0113464
0.9 0.183333 0.00988909
0.916667 0.183333 0.00837634
0.933333 0.183333 0.00680863
0.95 0.183333 0.00518656
0.966667 0.183333 0.00351072
0.983333 0.183333 0.00178167
0.0166667 0.2 0.00195445
0.0333333 0.2 0.00384329
0.05 0.2 0.00566627
0.0666667 0.2 0.00742316
0.0833333 0.2 0.0091138
0.1 0.2 0.0107378
0.116667 0.2 0.0122952
0.133333 0.2 0.0137859
0.15 0.2 0.0152093
0.166667 0.2 0.0165657
0.183333 0.2 0.0178549
0.2 0.2 0.0190769
0.216667 0.2 0.0202315
0.233333 0.2 0.0213185
0.25 0.2 0.0223378
0.266667 0.2 0.0232894
0.283333 0.2 0.024173
0.3 0.2 0.0249886
0.316667 0.2 0.0257364
0.333333 0.2 0.0264164
0.35 0.2 0.027029
0.366667 0.2 0.0275737
0.383333 0.2 0.0280507
0.4 0.2 0.0284602
0.416667 0.2 0.0288022
0.433333 0.2 0.0290769
0.45 0.2 0.0292841
0.466667 0.2 0.0294244
0.483333 0.2 0.0294976
0.5 0.2 0.029504
0.516667 0.2 0.0294439
0.533333 0.2 0.0293171
0.55 0.2 0.029124
0.566667 0.2 0.0288652
0.583333 0.2 0.0285404
0.6 0.2 0.02815
0.616667 0.2 0.0276944
0.633333 0.2 0.0271739
0.65 0.2 0.0265885
0.666667 0.2 0.0259386
0.683333 0.2 0.0252249
0.7 0.2 0.0244475
0.716667 0.2 0.0236065
0.733333 0.2 0.0227022
0.75 0.2 0.0217349
0.766667 0.2 0.0207053
0.783333 0.2 0.0196138
0.8 0.2 0.0184608
0.816667 0.2 0.0172468
0.833333 0.2 0.0159724
0.85 0.2 0.014638
0.866667 0.2 0.0132439
0.883333 0.2 0.0117904
0.9 0.2 0.0102783
0.916667 0.2 0.00870794
0.933333 0.2 0.00707974
0.95 0.2 0.00539431
0.966667 0.2 0.00365219
0.983333 0.2 0.0018539
0.0166667 0.216667 0.00199743
0.0333333 0.216667 0.00392797
0.05 0.216667 0.00579139
0.0666667 0.216667 0.00758745
0.0833333 0.216667 0.00931599
0.1 0.216667 0.0109766
0.116667 0.216667 0.0125694
0.133333 0.216667 0.0140941
0.15 0.216667 0.0155504
0.166667 0.216667 0.0169383
0.183333 0.216667 0.0182578
0.2 0.216667 0.0195089
0.216667 0.216667 0.0206912
0.233333 0.216667 0.0218045
0.25 0.216667 0.022849
0.266667 0.216667 0.0238244
0.283333 0.216667 0.0247305
0.3 0.216667 0.0255673
0.316667 0.216667 0.0263348
0.333333 0.216667 0.0270333
0.35 0.216667 0.0276629
0.366667 0.216667 0.0282234
0.383333 0.216667 0.0287147
0.4 0.216667 0.029137
0.416667 0.216667 0.0294906
0.433333 0.216667 0.0297753
0.45 0.216667 0.029991
0.466667 0.216667 0.0301384
0.483333 0.216667 0.0302173
0.5 0.216667 0.0302276
0.516667 0.216667 0.0301699
0.533333 0.216667 0.030044
0.55 0.216667 0.0298503
0.566667 0.216667 0.0295892
0.583333 0.216667 0.0292604
0.6 0.216667 0.0288643
0.616667 0.216667 0.0284015
0.633333 0.216667 0.0278719
0.65 0.216667 0.0272758
0.666667 0.216667 0.0266132
0.683333 0.216667 0.0258851
0.7 0.216667 0.0250915
0.716667 0.216667 0.0242324
0.733333 0.216667 0.0233082
0.75 0.216667 0.022319
0.766667 0.216667 0.0212655
0.783333 0.216667 0.0201481
0.8 0.216667 0.0189671
0.816667 0.216667 0.0177232
0.833333 0.216667 0.0164167
0.85 0.216667 0.0150481
0.866667 0.216667 0.0136177
0.883333 0.216667 0.0121256
0.9 0.216667 0.0105726
0.916667 0.216667 0.00895914
0.933333 0.216667 0.00728552
0.95 0.216667 0.00555228
0.966667 0.216667 0.00375997
0.983333 0.216667 0.00190902
0.0166667 0.233333 0.00202206
0.0333333 0.233333 0.00397659
0.05 0.233333 0.00586336
0.0666667 0.233333 0.00768213
0.0833333 0.233333 0.00943276
0.1 0.233333 0.0111148
0.116667 0.233333 0.0127284
0.133333 0.233333 0.0142733
0.15 0.233333 0.0157492
0.166667 0.233333 0.017156
0.183333 0.233333 0.0184938
0.2 0.233333 0.0197624
0.216667 0.233333 0.0209616
0.233333 0.233333 0.0220914
0.25 0.233333 0.0231515
0.266667 0.233333 0.0241418
0.283333 0.233333 0.0250622
0.3 0.233333 0.0259125
0.316667 0.233333 0.0266928
0.333333 0.233333 0.0274035
0.35 0.233333 0.0280445
0.366667 0.233333 0.0286156
0.383333 0.233333 0.0291168
0.4 0.233333 0.0295482
0.416667 0.233333 0.02991
0.433333 0.233333 0.0302022
0.45 0.233333 0.0304246
0.466667 0.233333 0.0305777
0.483333 0.233333 0.0306613
0.5 0.233333 0.0306756
0.516667 0.233333 0.030621
0.533333 0.233333 0.0304973
0.55 0.233333 0.0303045
0.566667 0.233333 0.0300434
0.583333 0.233333 0.0297138
0.6 0.233333 0.0293157
0.616667 0.233333 0.0288497
0.633333 0.233333 0.028316
0.65 0.233333 0.0277143
0.666667 0.233333 0.0270453
0.683333 0.233333 0.0263094
0.7 0.233333 0.0255069
0.716667 0.233333 0.0246376
0.733333 0.233333 0.0237016
0.75 0.233333 0.0226995
0.766667 0.233333 0.0216317
0.783333 0.233333 0.0204986
0.8 0.233333 0.0193005
0.816667 0.233333 0.0180379
0.833333 0.233333 0.0167112
0.85 0.233333 0.0153209
0.866667 0.233333 0.013867
0.883333 0.233333 0.01235
0.9 0.233333 0.0107704
0.916667 0.233333 0.00912849
0.933333 0.233333 0.00742469
0.95 0.233333 0.00565949
0.966667 0.233333 0.00383335
0.983333 0.233333 0.00194669
0.0166667 0.25 0.00202842
0.0333333 0.25 0.00398929
0.05 0.25 0.00588238
0.0666667 0.25 0.00770747
0.0833333 0.25 0.0094644
0.1 0.25 0.0111528
0.116667 0.25 0.0127727
0.133333 0.25 0.0143238
0.15 0.25 0.015806
0.166667 0.25 0.017219
0.183333 0.25 0.018563
0.2 0.25 0.0198379
0.216667 0.25 0.0210433
0.233333 0.25 0.0221792
0.25 0.25 0.0232453
0.266667 0.25 0.0242416
0.283333 0.25 0.0251681
0.3 0.25 0.0260243
0.316667 0.25 0.0268105
0.333333 0.25 0.0275268
0.35 0.25 0.0281734
0.366667 0.25 0.0287499
0.383333 0.25 0.0292565
0.4 0.25 0.0296931
0.416667 0.25 0.0300599
0.433333 0.25 0.0303568
0.45 0.25 0.0305837
0.466667 0.25 0.0307412
0.483333 0.25 0.030829
0.5 0.25 0.030847
0.516667 0.25 0.0307958
0.533333 0.25 0.0306751
0.55 0.25 0.0304852
0.566667 0.25 0.0302265
0.583333 0.25 0.0298987
0.6 0.25 0.0295021
0.616667 0.25 0.0290372
0.633333 0.25 0.0285038
0.65 0.25 0.0279023
0.666667 0.25 0.0272327
0.683333 0.25 0.0264956
0.7 0.25 0.0256912
0.716667 0.25 0.0248194
0.733333 0.25 0.0238802
0.75 0.25 0.0228742
0.766667 0.25 0.0218017
0.783333 0.25 0.020663
0.8 0.25 0.0194585
0.816667 0.25 0.0181886
0.833333 0.25 0.0168537
0.85 0.25 0.0154542
0.866667 0.25 0.0139901
0.883333 0.25 0.0124619
0.9 0.25 0.0108699
0.916667 0.25 0.00921454
0.933333 0.25 0.00749605
0.95 0.25 0.00571497
0.966667 0.25 0.00387166
0.983333 0.25 0.00196653
0.0166667 0.266667 0.00201657
0.0333333 0.266667 0.0039662
0.05 0.266667 0.00584864
0.0666667 0.266667 0.00766369
0.0833333 0.266667 0.00941118
0.1 0.266667 0.0110907
0.116667 0.266667 0.0127024
0.133333 0.266667 0.0142459
0.15 0.266667 0.0157211
0.166667 0.266667 0.0171277
0.183333 0.266667 0.0184659
0.2 0.266667 0.0197356
0.216667 0.266667 0.0209364
0.233333 0.266667 0.0220682
0.25 0.266667 0.0231309
0.266667 0.266667 0.0241243
0.283333 0.266667 0.0250483
0.3 0.266667 0.0259027
0.316667 0.266667 0.0266875
0.333333 0.266667 0.0274031
0.35 0.266667 0.0280495
0.366667 0.266667 0.0286264
0.383333 0.266667 0.0291335
0.4 0.266667 0.0295712
0.416667 0.266667 0.0299397
0.433333 0.266667 0.0302386
0.45 0.266667 0.0304679
0.466667 0.266667 0.0306282
0.483333 0.266667 0.0307191
0.5 0.266667 0.0307405
0.516667 0.266667 0.0306931
0.533333 0.266667 0.0305766
0.55 0.266667 0.0303909
0.566667 0.266667 0.0301367
0.583333 0.266667 0.0298137
0.6 0.266667 0.029422
0.616667 0.266667 0.028962
0.633333 0.266667 0.028434
0.65 0.266667 0.0278376
0.666667 0.266667 0.0271733
0.683333 0.266667 0.0264415
0.7 0.266667 0.0256423
0.716667 0.266667 0.0247758
0.733333 0.266667 0.0238418
0.75 0.266667 0.0228408
0.766667 0.266667 0.0217731
0.783333 0.266667 0.020639
0.8 0.266667 0.019439
0.816667 0.266667 0.0181732
0.833333 0.266667 0.0168422
0.85 0.266667 0.0154461
0.866667 0.266667 0.0139851
0.883333 0.266667 0.0124595
0.9 0.266667 0.0108696
0.916667 0.266667 0.0092159
0.933333 0.266667 0.00749845
0.95 0.266667 0.00571782
0.966667 0.266667 0.00387427
0.983333 0.266667 0.00196821
0.0166667 0.283333 0.00198661
0.0333333 0.283333 0.00390748
0.05 0.283333 0.00576238
0.0666667 0.283333 0.0075511
0.0833333 0.283333 0.00927347
0.1 0.283333 0.0109291
0.116667 0.283333 0.0125181
0.133333 0.283333 0.0140402
0.15 0.283333 0.015495
0.166667 0.283333 0.0168826
0.183333 0.283333 0.018203
0.2 0.283333 0.019456
0.216667 0.283333 0.0206413
0.233333 0.283333 0.0217588
0.25 0.283333 0.0228084
0.266667 0.283333 0.02379
0.283333 0.283333 0.0247032
0.3 0.283333 0.0255479
0.316667 0.283333 0.0263244
0.333333 0.283333 0.0270326
0.35 0.283333 0.0276728
0.366667 0.283333 0.0282445
0.383333 0.283333 0.0287476
0.4 0.283333 0.0291825
0.416667 0.283333 0.029549
0.433333 0.283333 0.0298471
0.45 0.283333 0.0300766
0.466667 0.283333 0.0302379
0.483333 0.283333 0.0303309
0.5 0.283333 0.0303555
0.516667 0.283333 0.0303121
0.533333 0.283333 0.0302003
0.55 0.283333 0.0300205
0.566667 0.283333 0.0297729
0.583333 0.283333 0.0294573
0.6 0.283333 0.0290738
0.616667 0.283333 0.028623
0.633333 0.283333 0.0281045
0.65 0.283333 0.0275186
0.666667 0.283333 0.0268653
0.683333 0.283333 0.0261453
0.7 0.283333 0.0253585
0.716667 0.283333 0.0245049
0.733333 0.283333 0.0235843
0.75 0.283333 0.0225972
0.766667 0.283333 0.021544
0.783333 0.283333 0.0204248
0.8 0.283333 0.0192401
0.816667 0.283333 0.0179899
0.833333 0.283333 0.0166748
0.85 0.283333 0.0152949
0.866667 0.283333 0.0138503
0.883333 0.283333 0.0123413
0.9 0.283333 0.0107682
0.916667 0.283333 0.0091314
0.933333 0.283333 0.00743088
0.95 0.283333 0.00566723
0.966667 0.283333 0.00384062
0.983333 0.283333 0.00195145
0.0166667 0.3 0.00193861
0.0333333 0.3 0.00381328
0.05 0.3 0.0056238
0.0666667 0.3 0.00736995
0.0833333 0.3 0.00905155
0.1 0.3 0.0106683
0.116667 0.3 0.0122201
0.133333 0.3 0.0137069
0.15 0.3 0.0151282
0.166667 0.3 0.0164842
0.183333 0.3 0.0177746
0.2 0.3 0.0189995
0.216667 0.3 0.0201586
0.233333 0.3 0.0212516
0.25 0.3 0.0222785
0.266667 0.3 0.023239
0.283333 0.3 0.024133
0.3 0.3 0.0249604
0.316667 0.3 0.0257212
0.333333 0.3 0.0264155
0.35 0.3 0.0270434
0.366667 0.3 0.0276046
0.383333 0.3 0.028099
0.4 0.3 0.0285266
0.416667 0.3 0.0288877
0.433333 0.3 0.0291819
0.45 0.3 0.0294092
0.466667 0.3 0.0295701
0.483333 0.3 0.0296641
0.5 0.3 0.0296911
0.516667 0.3 0.0296518
0.533333 0.3 0.0295458
0.55 0.3 0.0293731
0.566667 0.3 0.0291341
0.583333 0.3 0.0288285
0.6 0.3 0.0284565
0.616667 0.3 0.0280184
0.633333 0.3 0.0275143
0.65 0.3 0.0269439
0.666667 0.3 0.0263075
0.683333 0.3 0.0256056
0.7 0.3 0.0248381
0.716667 0.3 0.024005
0.733333 0.3 0.0231062
0.75 0.3 0.0221421
0.766667 0.3 0.0211129
0.783333 0.3 0.0200188
0.8 0.3 0.0188601
0.816667 0.3 0.017637
0.833333 0.3 0.01635
0.85 0.3 0.014999
0.866667 0.3 0.0135844
0.883333 0.3 0.0121061
0.9 0.3 0.0105645
0.916667 0.3 0.00895999
0.933333 0.3 0.0072925
0.95 0.3 0.00556252
0.966667 0.3 0.00377025
0.983333 0.3 0.00191599
0.0166667 0.316667 0.00187267
0.0333333 0.316667 0.0036838
0.05 0.316667 0.00543316
0.0666667 0.316667 0.00712057
0.0833333 0.316667 0.00874582
0.1 0.316667 0.0103086
0.116667 0.316667 0.0118089
0.133333 0.316667 0.0132466
0.15 0.316667 0.0146212
0.166667 0.316667 0.0159329
0.183333 0.316667 0.0171813
0.2 0.316667 0.0183667
0.216667 0.316667 0.0194886
0.233333 0.316667 0.0205469
0.25 0.316667 0.0215414
0.266667 0.316667 0.0224719
0.283333 0.316667 0.0233383
0.3 0.316667 0.0241404
0.316667 0.316667 0.0248782
0.333333 0.316667 0.0255519
0.35 0.316667 0.0261616
0.366667 0.316667 0.0267069
0.383333 0.316667 0.0271875
0.4 0.316667 0.0276038
0.416667 0.316667 0.0279558
0.433333 0.316667 0.0282432
0.45 0.316667 0.0284659
0.466667 0.316667 0.0286243
0.483333 0.316667 0.0287181
0.5 0.316667 0.0287472
0.516667 0.316667 0.0287121
0.533333 0.316667 0.0286123
0.55 0.316667 0.028448
0.566667 0.316667 0.0282195
0.583333 0.316667 0.0279266
0.6 0.316667 0.0275692
0.616667 0.316667 0.0271478
0.633333 0.316667 0.0266622
0.65 0.316667 0.0261125
0.666667 0.316667 0.0254986
0.683333 0.316667 0.0248212
0.7 0.316667 0.0240801
0.716667 0.316667 0.0232752
0.733333 0.316667 0.0224064
0.75 0.316667 0.0214741
0.766667 0.316667 0.0204784
0.783333 0.316667 0.0194196
0.8 0.316667 0.0182979
0.816667 0.316667 0.0171135
0.833333 0.316667 0.0158667
0.85 0.316667 0.0145576
0.866667 0.316667 0.0131864
0.883333 0.316667 0.0117529
0.9 0.316667 0.0102577
0.916667 0.316667 0.00870095
0.933333 0.316667 0.00708266
0.95 0.316667 0.00540321
0.966667 0.316667 0.00366278
0.983333 0.316667 0.00186164
0.0166667 0.333333 0.00178888
0.0333333 0.333333 0.00351918
0.05 0.333333 0.00519072
0.0666667 0.333333 0.00680325
0.0833333 0.333333 0.00835666
0.1 0.333333 0.00985057
0.116667 0.333333 0.011285
0.133333 0.333333 0.0126597
0.15 0.333333 0.0139744
0.166667 0.333333 0.0152292
0.183333 0.333333 0.0164237
0.2 0.333333 0.0175581
0.216667 0.333333 0.018632
0.233333 0.333333 0.0196453
0.25 0.333333 0.0205977
0.266667 0.333333 0.0214891
0.283333 0.333333 0.0223195
0.3 0.333333 0.0230883
0.316667 0.333333 0.0237959
0.333333 0.333333 0.0244424
0.35 0.333333 0.0250277
0.366667 0.333333 0.0255515
0.383333 0.333333 0.0260136
0.4 0.333333 0.0264143
0.416667 0.333333 0.0267535
0.433333 0.333333 0.0270309
0.45 0.333333 0.0272465
0.466667 0.333333 0.0274007
0.483333 0.333333 0.0274931
0.5 0.333333 0.0275236
0.516667 0.333333 0.0274926
0.533333 0.333333 0.0273997
0.55 0.333333 0.0272451
0.566667 0.333333 0.027029
0.583333 0.333333 0.0267511
0.6 0.333333 0.0264115
0.616667 0.333333 0.0260104
0.633333 0.333333 0.025548
0.65 0.333333 0.0250238
0.666667 0.333333 0.0244382
0.683333 0.333333 0.0237915
0.7 0.333333 0.0230837
0.716667 0.333333 0.0223145
0.733333 0.333333 0.021484
0.75 0.333333 0.0205924
0.766667 0.333333 0.0196399
0.783333 0.333333 0.0186266
0.8 0.333333 0.0175528
0.816667 0.333333 0.0164185
0.833333 0.333333 0.0152242
0.85 0.333333 0.0139697
0.866667 0.333333 0.0126554
0.883333 0.333333 0.011281
0.9 0.333333 0.00984713
0.916667 0.333333 0.00835369
0.933333 0.333333 0.00680087
0.95 0.333333 0.00518888
0.966667 0.333333 0.00351796
0.983333 0.333333 0.00178826
0.0166667 0.35 0.00168737
0.0333333 0.35 0.00331971
0.05 0.35 0.00489681
0.0666667 0.35 0.00641849
0.0833333 0.35 0.00788455
0.1 0.35 0.00929473
0.116667 0.35 0.0106489
0.133333 0.35 0.0119471
0.15 0.35 0.0131887
0.166667 0.35 0.0143739
0.183333 0.35 0.0155025
0.2 0.35 0.0165745
0.216667 0.35 0.0175895
0.233333 0.35 0.0185475
0.25 0.35 0.0194482
0.266667 0.35 0.0202915
0.283333 0.35 0.0210771
0.3 0.35 0.0218049
0.316667 0.35 0.022475
0.333333 0.35 0.0230874
0.35 0.35 0.0236423
0.366667 0.35 0.024139
0.383333 0.35 0.0245777
0.4 0.35 0.0249584
0.416667 0.35 0.025281
0.433333 0.35 0.0255454
0.45 0.35 0.0257515
0.466667 0.35 0.0258995
0.483333 0.35 0.0259891
0.5 0.35 0.0260202
0.516667 0.35 0.0259933
0.533333 0.35 0.025908
0.55 0.35 0.0257642
0.566667 0.35 0.0255622
0.583333 0.35 0.0253018
0.6 0.35 0.024983
0.616667 0.35 0.0246061
0.633333 0.35 0.0241709
0.65 0.35 0.0236774
0.666667 0.35 0.0231256
0.683333 0.35 0.0225159
0.7 0.35 0.0218482
0.716667 0.35 0.0211224
0.733333 0.35 0.0203384
0.75 0.35 0.0194964
0.766667 0.35 0.0185965
0.783333 0.35 0.017639
0.8 0.35 0.0166238
0.816667 0.35 0.0155513
0.833333 0.35 0.0144216
0.85 0.35 0.0132348
0.866667 0.35 0.0119909
0.883333 0.35 0.0106899
0.9 0.35 0.00933221
0.916667 0.35 0.00791776
0.933333 0.35 0.00644672
0.95 0.35 0.00491923
0.966667 0.35 0.00333554
0.983333 0.35 0.00169572
0.0166667 0.366667 0.00156825
0.0333333 0.366667 0.00308559
0.05 0.366667 0.00455177
0.0666667 0.366667 0.00596666
0.0833333 0.366667 0.00733002
0.1 0.366667 0.00864162
0.116667 0.366667 0.00990138
0.133333 0.366667 0.0111092
0.15 0.366667 0.0122647
0.166667 0.366667 0.0133677
0.183333 0.366667 0.0144185
0.2 0.366667 0.0154166
0.216667 0.366667 0.016362
0.233333 0.366667 0.0172543
0.25 0.366667 0.0180936
0.266667 0.366667 0.0188796
0.283333 0.366667 0.0196121
0.3 0.366667 0.0202909
0.316667 0.366667 0.0209161
0.333333 0.366667 0.0214878
0.35 0.366667 0.0220059
0.366667 0.366667 0.0224701
0.383333 0.366667 0.0228803
0.4 0.366667 0.0232365
0.416667 0.366667 0.0235389
0.433333 0.366667 0.023787
0.45 0.366667 0.0239809
0.466667 0.366667 0.0241207
0.483333 0.366667 0.0242063
0.5 0.366667 0.0242375
0.516667 0.366667 0.0242145
0.533333 0.366667 0.024137
0.55 0.366667 0.0240051
0.566667 0.366667 0.0238192
0.583333 0.366667 0.0235786
0.6 0.366667 0.0232836
0.616667 0.366667 0.0229344
0.633333 0.366667 0.0225308
0.65 0.366667 0.0220728
0.666667 0.366667 0.0215605
0.683333 0.366667 0.020994
0.7 0.366667 0.0203734
0.716667 0.366667 0.0196984
0.733333 0.366667 0.018969
0.75 0.366667 0.0181854
0.766667 0.366667 0.0173478
0.783333 0.366667 0.0164561
0.8 0.366667 0.0155106
0.816667 0.366667 0.0145114
0.833333 0.366667 0.0134586
0.85 0.366667 0.0123522
0.866667 0.366667 0.0111924
0.883333 0.366667 0.00997904
0.9 0.366667 0.0087125
0.916667 0.366667 0.00739273
0.933333 0.366667 0.00601986
0.95 0.366667 0.00459398
0.966667 0.366667 0.00311533
0.983333 0.366667 0.00158394
0.0166667 0.383333 0.00143169
0.0333333 0.383333 0.0028171
0.05 0.383333 0.00415599
0.0666667 0.383333 0.00544825
0.0833333 0.383333 0.00669365
0.1 0.383333 0.00789194
0.116667 0.383333 0.00904308
0.133333 0.383333 0.0101469
0.15 0.383333 0.0112031
0.166667 0.383333 0.0122116
0.183333 0.383333 0.0131724
0.2 0.383333 0.0140854
0.216667 0.383333 0.0149502
0.233333 0.383333 0.0157668
0.25 0.383333 0.0165349
0.266667 0.383333 0.0172546
0.283333 0.383333 0.0179252
0.3 0.383333 0.0185472
0.316667 0.383333 0.0191201
0.333333 0.383333 0.0196441
0.35 0.383333 0.0201194
0.366667 0.383333 0.0205454
0.383333 0.383333 0.020922
0.4 0.383333 0.0212495
0.416667 0.383333 0.0215277
0.433333 0.383333 0.0217564
0.45 0.383333 0.0219354
0.466667 0.383333 0.0220652
0.483333 0.383333 0.0221452
0.5 0.383333 0.0221755
0.516667 0.383333 0.0221562
0.533333 0.383333 0.0220872
0.55 0.383333 0.0219684
0.566667 0.383333 0.0217998
0.583333 0.383333 0.0215816
0.6 0.383333 0.0213133
0.616667 0.383333 0.0209955
0.633333 0.383333 0.0206278
0.65 0.383333 0.0202102
0.666667 0.383333 0.0197427
0.683333 0.383333 0.0192256
0.7 0.383333 0.0186588
0.716667 0.383333 0.0180423
0.733333 0.383333 0.0173757
0.75 0.383333 0.0166594
0.766667 0.383333 0.0158934
0.783333 0.383333 0.0150779
0.8 0.383333 0.0142128
0.816667 0.383333 0.0132983
0.833333 0.383333 0.0123346
0.85 0.383333 0.0113217
0.866667 0.383333 0.0102596
0.883333 0.383333 0.0091482
0.9 0.383333 0.00798781
0.916667 0.383333 0.00677846
0.933333 0.383333 0.00552016
0.95 0.383333 0.00421303
0.966667 0.383333 0.00285726
0.983333 0.383333 0.00145286
0.0166667 0.4 0.00127779
0.0333333 0.4 0.00251447
0.05 0.4 0.0037098
0.0666667 0.4 0.00486369
0.0833333 0.4 0.0059759
0.1 0.4 0.00704624
0.116667 0.4 0.00807462
0.133333 0.4 0.00906094
0.15 0.4 0.0100048
0.166667 0.4 0.0109063
0.183333 0.4 0.0117653
0.2 0.4 0.0125816
0.216667 0.4 0.0133552
0.233333 0.4 0.0140856
0.25 0.4 0.014773
0.266667 0.4 0.015417
0.283333 0.4 0.0160176
0.3 0.4 0.0165745
0.316667 0.4 0.0170878
0.333333 0.4 0.0175575
0.35 0.4 0.0179836
0.366667 0.4 0.0183657
0.383333 0.4 0.0187039
0.4 0.4 0.0189981
0.416667 0.4 0.0192482
0.433333 0.4 0.0194542
0.45 0.4 0.0196158
0.466667 0.4 0.0197333
0.483333 0.4 0.0198064
0.5 0.4 0.019835
0.516667 0.4 0.0198194
0.533333 0.4 0.0197591
0.55 0.4 0.0196542
0.566667 0.4 0.0195051
0.583333 0.4 0.0193112
0.6 0.4 0.0190727
0.616667 0.4 0.0187897
0.633333 0.4 0.0184621
0.65 0.4 0.0180897
0.666667 0.4 0.0176727
0.683333 0.4 0.0172112
0.7 0.4 0.0167051
0.716667 0.4 0.0161544
0.733333 0.4 0.0155588
0.75 0.4 0.0149185
0.766667 0.4 0.0142337
0.783333 0.4 0.0135044
0.8 0.4 0.0127306
0.816667 0.4 0.0119125
0.833333 0.4 0.0110501
0.85 0.4 0.0101435
0.866667 0.4 0.00919261
0.883333 0.4 0.00819748
0.9 0.4 0.00715819
0.916667 0.4 0.00607496
0.933333 0.4 0.00494762
0.95 0.4 0.00377638
0.966667 0.4 0.00256133
0.983333 0.4 0.00130249
0.0166667 0.416667 0.00110674
0.0333333 0.416667 0.00217804
0.05 0.416667 0.00321369
0.0666667 0.416667 0.00421357
0.0833333 0.416667 0.00517752
0.1 0.416667 0.00610531
0.116667 0.416667 0.00699687
0.133333 0.416667 0.00785213
0.15 0.416667 0.00867074
0.166667 0.416667 0.00945275
0.183333 0.416667 0.010198
0.2 0.416667 0.0109064
0.216667 0.416667 0.0115779
0.233333 0.416667 0.012212
0.25 0.416667 0.0128089
0.266667 0.416667 0.0133683
0.283333 0.416667 0.0138901
0.3 0.416667 0.0143741
0.316667 0.416667 0.0148203
0.333333 0.416667 0.0152289
0.35 0.416667 0.0155995
0.366667 0.416667 0.0159323
0.383333 0.416667 0.0162268
0.4 0.416667 0.0164832
0.416667 0.416667 0.0167014
0.433333 0.416667 0.0168814
0.45 0.416667 0.0170229
0.466667 0.416667 0.0171261
0.483333 0.416667 0.0171907
0.5 0.416667 0.0172168
0.516667 0.416667 0.0172045
0.533333 0.416667 0.0171533
0.55 0.416667 0.0170637
0.566667 0.416667 0.0169353
0.583333 0.416667 0.0167682
0.6 0.416667 0.0165623
0.616667 0.416667 0.0163177
0.633333 0.416667 0.0160343
0.65 0.416667 0.0157121
0.666667 0.416667 0.0153509
0.683333 0.416667 0.0149512
0.7 0.416667 0.0145125
0.716667 0.416667 0.0140351
0.733333 0.416667 0.0135186
0.75 0.416667 0.0129632
0.766667 0.416667 0.0123691
0.783333 0.416667 0.0117361
0.8 0.416667 0.0110644
0.816667 0.416667 0.0103541
0.833333 0.416667 0.00960514
0.85 0.416667 0.00881771
0.866667 0.416667 0.00799166
0.883333 0.416667 0.00712705
0.9 0.416667 0.00622393
0.916667 0.416667 0.00528249
0.933333 0.416667 0.00430248
0.95 0.416667 0.00328422
0.966667 0.416667 0.00222765
0.983333 0.416667 0.00113289
0.0166667 0.433333 0.000918685
0.0333333 0.433333 0.00180806
0.05 0.433333 0.00266805
0.0666667 0.433333 0.00349839
0.0833333 0.433333 0.00429914
0.1 0.433333 0.00506989
0.116667 0.433333 0.00581077
0.133333 0.433333 0.00652149
0.15 0.433333 0.00720198
0.166667 0.433333 0.00785207
0.183333 0.433333 0.00847176
0.2 0.433333 0.00906096
0.216667 0.433333 0.00961943
0.233333 0.433333 0.0101471
0.25 0.433333 0.0106438
0.266667 0.433333 0.0111095
0.283333 0.433333 0.011544
0.3 0.433333 0.0119471
0.316667 0.433333 0.0123189
0.333333 0.433333 0.0126593
0.35 0.433333 0.0129684
0.366667 0.433333 0.0132459
0.383333 0.433333 0.0134918
0.4 0.433333 0.0137058
0.416667 0.433333 0.0138884
0.433333 0.433333 0.014039
0.45 0.433333 0.0141576
0.466667 0.433333 0.0142444
0.483333 0.433333 0.0142992
0.5 0.433333 0.0143218
0.516667 0.433333 0.0143124
0.533333 0.433333 0.014271
0.55 0.433333 0.0141972
0.566667 0.433333 0.0140914
0.583333 0.433333 0.0139533
0.6 0.433333 0.0137829
0.616667 0.433333 0.0135802
0.633333 0.433333 0.0133452
0.65 0.433333 0.0130779
0.666667 0.433333 0.0127781
0.683333 0.433333 0.0124461
0.7 0.433333 0.0120817
0.716667 0.433333 0.0116849
0.733333 0.433333 0.0112557
0.75 0.433333 0.0107939
0.766667 0.433333 0.0102998
0.783333 0.433333 0.00977335
0.8 0.433333 0.00921454
0.816667 0.433333 0.0086235
0.833333 0.433333 0.00800025
0.85 0.433333 0.00734483
0.866667 0.433333 0.00665717
0.883333 0.433333 0.00593726
0.9 0.433333 0.0051852
0.916667 0.433333 0.0044011
0.933333 0.433333 0.00358478
0.95 0.433333 0.00273654
0.966667 0.433333 0.00185626
0.983333 0.433333 0.000944077
0.0166667 0.45 0.00071381
0.0333333 0.45 0.00140495
0.05 0.45 0.00207338
0.0666667 0.45 0.00271885
0.0833333 0.45 0.00334142
0.1 0.45 0.00394077
0.116667 0.45 0.004517
0.133333 0.45 0.00506989
0.15 0.45 0.00559933
0.166667 0.45 0.00610526
0.183333 0.45 0.00658758
0.2 0.45 0.00704629
0.216667 0.45 0.00748112
0.233333 0.45 0.00789213
0.25 0.45 0.00827902
0.266667 0.45 0.00864189
0.283333 0.45 0.00898049
0.3 0.45 0.0092947
0.316667 0.45 0.00958472
0.333333 0.45 0.0098502
0.35 0.45 0.0100915
0.366667 0.45 0.0103082
0.383333 0.45 0.0105
0.4 0.45 0.0106676
0.416667 0.45 0.0108102
0.433333 0.45 0.0109282
0.45 0.45 0.0110212
0.466667 0.45 0.0110896
0.483333 0.45 0.0111328
0.5 0.45 0.0111512
0.516667 0.45 0.0111447
0.533333 0.45 0.011113
0.55 0.45 0.0110563
0.566667 0.45 0.0109745
0.583333 0.45 0.0108676
0.6 0.45 0.0107355
0.616667 0.45 0.0105783
0.633333 0.45 0.0103958
0.65 0.45 0.0101882
0.666667 0.45 0.00995521
0.683333 0.45 0.00969705
0.7 0.45 0.0094137
0.716667 0.45 0.00910503
0.733333 0.45 0.008771
0.75 0.45 0.00841168
0.766667 0.45 0.00802702
0.783333 0.45 0.00761716
0.8 0.45 0.007182
0.816667 0.45 0.00672167
0.833333 0.45 0.00623617
0.85 0.45 0.00572555
0.866667 0.45 0.00518973
0.883333 0.45 0.00462874
0.9 0.45 0.00404263
0.916667 0.45 0.00343149
0.933333 0.45 0.00279517
0.95 0.45 0.0021339
0.966667 0.45 0.00144753
0.983333 0.45 0.000736243
0.0166667 0.466667 0.000492253
0.0333333 0.466667 0.000968949
0.05 0.466667 0.00143009
0.0666667 0.466667 0.00187547
0.0833333 0.466667 0.00230511
0.1 0.466667 0.00271883
0.116667 0.466667 0.00311662
0.133333 0.466667 0.00349839
0.15 0.466667 0.00386402
0.166667 0.466667 0.00421347
0.183333 0.466667 0.0045467
0.2 0.466667 0.00486363
0.216667 0.466667 0.00516421
0.233333 0.466667 0.00544827
0.25 0.466667 0.00571584
0.266667 0.466667 0.00596676
0.283333 0.466667 0.00620099
0.3 0.466667 0.00641844
0.316667 0.466667 0.00661909
0.333333 0.466667 0.00680298
0.35 0.466667 0.00697003
0.366667 0.466667 0.00712015
0.383333 0.466667 0.00725324
0.4 0.466667 0.00736935
0.416667 0.466667 0.00746846
0.433333 0.466667 0.0075503
0.45 0.466667 0.00761525
0.466667 0.466667 0.00766276
0.483333 0.466667 0.00769317
0.5 0.466667 0.0077064
0.516667 0.466667 0.00770221
0.533333 0.466667 0.00768084
0.55 0.466667 0.007642
0.566667 0.466667 0.00758596
0.583333 0.466667 0.00751243
0.6 0.466667 0.00742153
0.616667 0.466667 0.00731322
0.633333 0.466667 0.00718747
0.65 0.466667 0.00704423
0.666667 0.466667 0.0068835
0.683333 0.466667 0.00670534
0.7 0.466667 0.00650972
0.716667 0.466667 0.00629657
0.733333 0.466667 0.00606585
0.75 0.466667 0.0058176
0.766667 0.466667 0.00555183
0.783333 0.466667 0.00526856
0.8 0.466667 0.0049678
0.816667 0.466667 0.00464958
0.833333 0.466667 0.00431394
0.85 0.466667 0.00396087
0.866667 0.466667 0.00359035
0.883333 0.466667 0.00320237
0.9 0.466667 0.00279697
0.916667 0.466667 0.00237422
0.933333 0.466667 0.001934
0.95 0.466667 0.0014765
0.966667 0.466667 0.00100158
0.983333 0.466667 0.000509453
0.0166667 0.483333 0.000254277
0.0333333 0.483333 0.000500546
0.05 0.483333 0.000738806
0.0666667 0.483333 0.000968986
0.0833333 0.483333 0.00119105
0.1 0.483333 0.00140494
0.116667 0.483333 0.00161061
0.133333 0.483333 0.00180806
0.15 0.483333 0.00199719
0.166667 0.483333 0.00217796
0.183333 0.483333 0.00235043
0.2 0.483333 0.00251441
0.216667 0.483333 0.00267005
0.233333 0.483333 0.00281707
0.25 0.483333 0.00295567
0.266667 0.483333 0.00308562
0.283333 0.483333 0.00320695
0.3 0.483333 0.0033197
0.316667 0.483333 0.00342363
0.333333 0.483333 0.00351905
0.35 0.483333 0.00360568
0.366667 0.483333 0.0036835
0.383333 0.483333 0.00375272
0.4 0.483333 0.00381292
0.416667 0.483333 0.00386442
0.433333 0.483333 0.00390719
0.45 0.483333 0.00394074
0.466667 0.483333 0.00396573
0.483333 0.483333 0.00398174
0.5 0.483333 0.00398865
0.516667 0.483333 0.00398678
0.533333 0.483333 0.0039759
0.55 0.483333 0.00395605
0.566667 0.483333 0.00392715
0.583333 0.483333 0.00388933
0.6 0.483333 0.00384244
0.616667 0.483333 0.00378651
0.633333 0.483333 0.00372161
0.65 0.483333 0.00364759
0.666667 0.483333 0.0035645
0.683333 0.483333 0.00347241
0.7 0.483333 0.00337121
0.716667 0.483333 0.00326097
0.733333 0.483333 0.0031416
0.75 0.483333 0.00301313
0.766667 0.483333 0.0028756
0.783333 0.483333 0.00272896
0.8 0.483333 0.00257328
0.816667 0.483333 0.00240851
0.833333 0.483333 0.00223471
0.85 0.483333 0.00205187
0.866667 0.483333 0.00185998
0.883333 0.483333 0.00165903
0.9 0.483333 0.00144904
0.916667 0.483333 0.00123007
0.933333 0.483333 0.00100202
0.95 0.483333 0.000765017
0.966667 0.483333 0.000518968
0.983333 0.483333 0.000263998
