0.1 0.1 0.00719224
0.2 0.1 0.0127496
0.3 0.1 0.0166505
0.4 0.1 0.0188944
0.5 0.1 0.0195003
0.6 0.1 0.0185074
0.7 0.1 0.0159738
0.8 0.1 0.0119772
0.9 0.1 0.006614
0.1 0.2 0.0107494
0.2 0.2 0.0190986
0.3 0.2 0.0250196
0.4 0.2 0.0285035
0.5 0.2 0.0295591
0.6 0.2 0.0282136
0.7 0.2 0.0245118
0.8 0.2 0.0185174
0.9 0.2 0.0103125
0.1 0.3 0.0106802
0.2 0.3 0.019022
0.3 0.3 0.0249923
0.4 0.3 0.0285702
0.5 0.3 0.0297452
0.6 0.3 0.0285181
0.7 0.3 0.0249001
0.8 0.3 0.0189148
0.9 0.3 0.0105978
0.1 0.4 0.00705411
0.2 0.4 0.0125964
0.3 0.4 0.0165959
0.4 0.4 0.0190276
0.5 0.4 0.0198718
0.6 0.4 0.0191145
0.7 0.4 0.0167474
0.8 0.4 0.0127681
0.9 0.4 0.00718121
