0.05 0.05 0.00213664
0.1 0.05 0.00404446
0.15 0.05 0.00572021
0.2 0.05 0.00716162
0.25 0.05 0.00836733
0.3 0.05 0.00933699
0.35 0.05 0.010071
0.4 0.05 0.010571
0.45 0.05 0.0108389
0.5 0.05 0.0108781
0.55 0.05 0.0106928
0.6 0.05 0.0102877
0.65 0.05 0.00966871
0.7 0.05 0.00884248
0.75 0.05 0.00781626
0.8 0.05 0.00659847
0.85 0.05 0.00519788
0.9 0.05 0.00362425
0.95 0.05 0.00188791
0.05 0.1 0.00379445
0.1 0.1 0.00718488
0.15 0.1 0.0101666
0.2 0.1 0.0127361
0.25 0.1 0.0148912
0.3 0.1 0.0166316
0.35 0.1 0.0179573
0.4 0.1 0.0188703
0.45 0.1 0.0193739
0.5 0.1 0.019472
0.55 0.1 0.0191707
0.6 0.1 0.0184764
0.65 0.1 0.0173975
0.7 0.1 0.0159433
0.75 0.1 0.014124
0.8 0.1 0.0119516
0.85 0.1 0.00943853
0.9 0.1 0.00659876
0.95 0.1 0.00344723
0.05 0.15 0.00497119
0.1 0.15 0.00941669
0.15 0.15 0.0133312
0.2 0.15 0.0167107
0.25 0.15 0.0195527
0.3 0.15 0.021856
0.35 0.15 0.0236209
0.4 0.15 0.0248486
0.45 0.15 0.0255421
0.5 0.15 0.0257054
0.55 0.15 0.0253439
0.6 0.15 0.0244643
0.65 0.15 0.0230747
0.7 0.15 0.0211842
0.75 0.15 0.0188035
0.8 0.15 0.0159442
0.85 0.15 0.0126196
0.9 0.15 0.00884343
0.95 0.15 0.00463135
0.05 0.2 0.00566673
0.1 0.2 0.0107388
0.15 0.2 0.0152111
0.2 0.2 0.0190789
0.25 0.2 0.0223397
0.3 0.2 0.0249916
0.35 0.2 0.0270342
0.4 0.2 0.0284677
0.45 0.2 0.0292943
0.5 0.2 0.0295167
0.55 0.2 0.0291393
0.6 0.2 0.0281671
0.65 0.2 0.0266069
0.7 0.2 0.024466
0.75 0.2 0.0217533
0.8 0.2 0.0184789
0.85 0.2 0.0146536
0.9 0.2 0.0102895
0.95 0.2 0.00540015
0.05 0.25 0.00588309
0.1 0.25 0.0111544
0.15 0.25 0.0158084
0.2 0.25 0.0198408
0.25 0.25 0.0232482
0.3 0.25 0.0260283
0.35 0.25 0.0281794
0.4 0.25 0.0297013
0.45 0.25 0.0305943
0.5 0.25 0.0308597
0.55 0.25 0.0305002
0.6 0.25 0.0295188
0.65 0.25 0.0279201
0.7 0.25 0.025709
0.75 0.25 0.022892
0.8 0.25 0.0194761
0.85 0.25 0.0154694
0.9 0.25 0.0108809
0.95 0.25 0.00572071
0.05 0.3 0.00562456
0.1 0.3 0.0106699
0.15 0.3 0.0151309
0.2 0.3 0.0190026
0.25 0.3 0.0222816
0.3 0.3 0.0249648
0.35 0.3 0.0270498
0.4 0.3 0.0285348
0.45 0.3 0.0294194
0.5 0.3 0.029703
0.55 0.3 0.0293867
0.6 0.3 0.0284715
0.65 0.3 0.0269596
0.7 0.3 0.0248539
0.75 0.3 0.0221576
0.8 0.3 0.0188756
0.85 0.3 0.0150126
0.9 0.3 0.0105743
0.95 0.3 0.00556764
0.05 0.35 0.00489748
0.1 0.35 0.00929617
0.15 0.35 0.013191
0.2 0.35 0.0165773
0.25 0.35 0.0194511
0.3 0.35 0.0218091
0.35 0.35 0.0236482
0.4 0.35 0.024966
0.45 0.35 0.0257607
0.5 0.35 0.0260311
0.55 0.35 0.0257763
0.6 0.35 0.0249961
0.65 0.35 0.0236911
0.7 0.35 0.0218617
0.75 0.35 0.0195097
0.8 0.35 0.016637
0.85 0.35 0.0132464
0.9 0.35 0.00934052
0.95 0.35 0.00492361
0.05 0.4 0.00371029
0.1 0.4 0.00704729
0.15 0.4 0.0100065
0.2 0.4 0.0125837
0.25 0.4 0.0147753
0.3 0.4 0.0165779
0.35 0.4 0.0179884
0.4 0.4 0.0190043
0.45 0.4 0.0196233
0.5 0.4 0.0198437
0.55 0.4 0.0196641
0.6 0.4 0.0190831
0.65 0.4 0.0181004
0.7 0.4 0.0167157
0.75 0.4 0.0149289
0.8 0.4 0.0127408
0.85 0.4 0.0101523
0.9 0.4 0.00716464
0.95 0.4 0.00377976
0.05 0.45 0.00207362
0.1 0.45 0.00394139
0.15 0.45 0.00560028
0.2 0.45 0.00704749
0.25 0.45 0.00828036
0.3 0.45 0.00929676
0.35 0.45 0.0100943
0.4 0.45 0.0106711
0.45 0.45 0.0110257
0.5 0.45 0.0111563
0.55 0.45 0.0110619
0.6 0.45 0.0107416
0.65 0.45 0.0101944
0.7 0.45 0.00941977
0.75 0.45 0.00841769
0.8 0.45 0.00718786
0.85 0.45 0.00573066
0.9 0.45 0.00404635
0.95 0.45 0.0021358
