0.025 0.025 0.000578844
0.05 0.025 0.00112769
0.075 0.025 0.00164626
0.1 0.025 0.00213429
0.125 0.025 0.00259157
0.15 0.025 0.00301792
0.175 0.025 0.00341319
0.2 0.025 0.00377726
0.225 0.025 0.00411005
0.25 0.025 0.00441152
0.275 0.025 0.00468165
0.3 0.025 0.00492047
0.325 0.025 0.00512803
0.35 0.025 0.00530441
0.375 0.025 0.00544975
0.4 0.025 0.00556419
0.425 0.025 0.00564793
0.45 0.025 0.00570118
0.475 0.025 0.0057242
0.5 0.025 0.00571728
0.525 0.025 0.00568074
0.55 0.025 0.00561491
0.575 0.025 0.0055202
0.6 0.025 0.005397
0.625 0.025 0.00524576
0.65 0.025 0.00506695
0.675 0.025 0.00486107
0.7 0.025 0.00462866
0.725 0.025 0.00437027
0.75 0.025 0.00408649
0.775 0.025 0.00377793
0.8 0.025 0.00344523
0.825 0.025 0.00308907
0.85 0.025 0.00271013
0.875 0.025 0.00230912
0.9 0.025 0.00188681
0.925 0.025 0.00144393
0.95 0.025 0.000981299
0.975 0.025 0.00049971
0.025 0.05 0.00109644
0.05 0.05 0.00213616
0.075 0.05 0.00311866
0.1 0.05 0.00404351
0.125 0.05 0.00491035
0.15 0.05 0.00571886
0.175 0.05 0.00646878
0.2 0.05 0.0071599
0.225 0.05 0.0077921
0.25 0.05 0.00836529
0.275 0.05 0.00887944
0.3 0.05 0.00933458
0.325 0.05 0.00973081
0.35 0.05 0.0100683
0.375 0.05 0.0103472
0.4 0.05 0.0105678
0.425 0.05 0.0107304
0.45 0.05 0.0108354
0.475 0.05 0.0108832
0.5 0.05 0.0108743
0.525 0.05 0.0108093
0.55 0.05 0.0106887
0.575 0.05 0.0105132
0.6 0.05 0.0102835
0.625 0.05 0.0100003
0.65 0.05 0.00966447
0.675 0.05 0.00927682
0.7 0.05 0.00883828
0.725 0.05 0.00834979
0.75 0.05 0.00781237
0.775 0.05 0.00722705
0.8 0.05 0.00659494
0.825 0.05 0.00591719
0.85 0.05 0.00519497
0.875 0.05 0.00442953
0.9 0.05 0.00362214
0.925 0.05 0.00277411
0.95 0.05 0.0018868
0.975 0.05 0.000961622
0.025 0.075 0.00155254
0.05 0.075 0.00302491
0.075 0.075 0.00441649
0.1 0.075 0.00572673
0.125 0.075 0.00695514
0.15 0.075 0.00810133
0.175 0.075 0.00916495
0.2 0.075 0.0101457
0.225 0.075 0.0110435
0.25 0.075 0.0118582
0.275 0.075 0.0125897
0.3 0.075 0.0132381
0.325 0.075 0.0138034
0.35 0.075 0.0142859
0.375 0.075 0.0146858
0.4 0.075 0.0150034
0.425 0.075 0.0152392
0.45 0.075 0.0153936
0.475 0.075 0.0154671
0.5 0.075 0.0154603
0.525 0.075 0.0153739
0.55 0.075 0.0152087
0.575 0.075 0.0149655
0.6 0.075 0.0146452
0.625 0.075 0.0142486
0.65 0.075 0.0137769
0.675 0.075 0.0132311
0.7 0.075 0.0126124
0.725 0.075 0.011922
0.75 0.075 0.011161
0.775 0.075 0.010331
0.8 0.075 0.00943324
0.825 0.075 0.00846922
0.85 0.075 0.00744044
0.875 0.075 0.00634849
0.9 0.075 0.00519499
0.925 0.075 0.00398162
0.95 0.075 0.00271013
0.975 0.075 0.00138231
0.025 0.1 0.00194694
0.05 0.1 0.00379359
0.075 0.1 0.00553923
0.1 0.1 0.00718322
0.125 0.1 0.00872502
0.15 0.1 0.0101642
0.175 0.1 0.0115002
0.2 0.1 0.012733
0.225 0.1 0.0138621
0.25 0.1 0.0148876
0.275 0.1 0.0158093
0.3 0.1 0.0166272
0.325 0.1 0.0173414
0.35 0.1 0.0179523
0.375 0.1 0.0184599
0.4 0.1 0.0188647
0.425 0.1 0.019167
0.45 0.1 0.0193675
0.475 0.1 0.0194667
0.5 0.1 0.0194652
0.525 0.1 0.0193638
0.55 0.1 0.0191633
0.575 0.1 0.0188647
0.6 0.1 0.0184688
0.625 0.1 0.0179768
0.65 0.1 0.0173899
0.675 0.1 0.0167091
0.7 0.1 0.0159357
0.725 0.1 0.0150712
0.75 0.1 0.014117
0.775 0.1 0.0130745
0.8 0.1 0.0119452
0.825 0.1 0.010731
0.85 0.1 0.00943329
0.875 0.1 0.00805403
0.9 0.1 0.006595
0.925 0.1 0.00505809
0.95 0.1 0.00344526
0.975 0.1 0.00175854
0.025 0.125 0.00227956
0.05 0.125 0.00444199
0.075 0.125 0.00648654
0.1 0.125 0.00841253
0.125 0.125 0.0102194
0.15 0.125 0.0119065
0.175 0.125 0.0134736
0.2 0.125 0.0149202
0.225 0.125 0.0162462
0.25 0.125 0.0174513
0.275 0.125 0.0185355
0.3 0.125 0.0194987
0.325 0.125 0.0203412
0.35 0.125 0.0210629
0.375 0.125 0.0216643
0.4 0.125 0.0221456
0.425 0.125 0.0225072
0.45 0.125 0.0227498
0.475 0.125 0.0228738
0.5 0.125 0.0228799
0.525 0.125 0.0227689
0.55 0.125 0.0225417
0.575 0.125 0.0221991
0.6 0.125 0.0217422
0.625 0.125 0.0211721
0.65 0.125 0.0204898
0.675 0.125 0.0196967
0.7 0.125 0.0187941
0.725 0.125 0.0177833
0.75 0.125 0.0166658
0.775 0.125 0.0154432
0.8 0.125 0.0141171
0.825 0.125 0.0126892
0.85 0.125 0.0111612
0.875 0.125 0.00953498
0.9 0.125 0.00781249
0.925 0.125 0.00599566
0.95 0.125 0.00408655
0.975 0.125 0.00208727
0.025 0.15 0.00255034
0.05 0.15 0.00497003
0.075 0.15 0.00725829
0.1 0.15 0.00941441
0.125 0.15 0.0114378
0.15 0.15 0.0133279
0.175 0.15 0.0150842
0.2 0.15 0.0167065
0.225 0.15 0.0181943
0.25 0.15 0.0195476
0.275 0.15 0.0207663
0.3 0.15 0.0218502
0.325 0.15 0.0227994
0.35 0.15 0.0236141
0.375 0.15 0.0242946
0.4 0.15 0.0248411
0.425 0.15 0.025254
0.45 0.15 0.0255337
0.475 0.15 0.025681
0.5 0.15 0.0256963
0.525 0.15 0.0255805
0.55 0.15 0.0253343
0.575 0.15 0.0249586
0.6 0.15 0.0244543
0.625 0.15 0.0238226
0.65 0.15 0.0230646
0.675 0.15 0.0221814
0.7 0.15 0.0211744
0.725 0.15 0.0200448
0.75 0.15 0.0187942
0.775 0.15 0.0174241
0.8 0.15 0.015936
0.825 0.15 0.0143316
0.85 0.15 0.0126127
0.875 0.15 0.010781
0.9 0.15 0.00883849
0.925 0.15 0.00678707
0.95 0.15 0.00462877
0.975 0.15 0.00236569
0.025 0.175 0.00275932
0.05 0.175 0.00537776
0.075 0.175 0.00785452
0.1 0.175 0.0101889
0.125 0.175 0.0123802
0.15 0.175 0.014428
0.175 0.175 0.0163318
0.2 0.175 0.0180911
0.225 0.175 0.0197057
0.25 0.175 0.0211754
0.275 0.175 0.0224999
0.3 0.175 0.0236793
0.325 0.175 0.0247135
0.35 0.175 0.0256027
0.375 0.175 0.026347
0.4 0.175 0.0269467
0.425 0.175 0.0274021
0.45 0.175 0.0277137
0.475 0.175 0.0278818
0.5 0.175 0.0279072
0.525 0.175 0.0277905
0.55 0.175 0.0275323
0.575 0.175 0.0271336
0.6 0.175 0.0265951
0.625 0.175 0.0259179
0.65 0.175 0.0251031
0.675 0.175 0.0241516
0.7 0.175 0.0230648
0.725 0.175 0.0218439
0.75 0.175 0.0204902
0.775 0.175 0.0190051
0.8 0.175 0.0173903
0.825 0.175 0.0156471
0.85 0.175 0.0137773
0.875 0.175 0.0117826
0.9 0.175 0.00966478
0.925 0.175 0.00742563
0.95 0.175 0.00506712
0.975 0.175 0.00259122
0.025 0.2 0.00290662
0.05 0.2 0.00566537
0.075 0.2 0.00827547
0.1 0.2 0.0107362
0.125 0.2 0.013047
0.15 0.2 0.0152071
0.175 0.2 0.0172163
0.2 0.2 0.019074
0.225 0.2 0.0207799
0.25 0.2 0.0223338
0.275 0.2 0.0237354
0.3 0.2 0.0249847
0.325 0.2 0.0260816
0.35 0.2 0.0270262
0.375 0.2 0.0278186
0.4 0.2 0.0284589
0.425 0.2 0.0289475
0.45 0.2 0.0292846
0.475 0.2 0.0294707
0.5 0.2 0.0295063
0.525 0.2 0.029392
0.55 0.2 0.0291283
0.575 0.2 0.0287159
0.6 0.2 0.0281558
0.625 0.2 0.0274486
0.65 0.2 0.0265954
0.675 0.2 0.0255971
0.7 0.2 0.0244548
0.725 0.2 0.0231696
0.75 0.2 0.0217428
0.775 0.2 0.0201756
0.8 0.2 0.0184694
0.825 0.2 0.0166256
0.85 0.2 0.0146457
0.875 0.2 0.0125313
0.9 0.2 0.0102839
0.925 0.2 0.00790531
0.95 0.2 0.00539723
0.975 0.2 0.00276149
0.025 0.225 0.00299241
0.05 0.225 0.0058332
0.075 0.225 0.00852158
0.1 0.225 0.0110569
0.125 0.225 0.0134384
0.15 0.225 0.0156656
0.175 0.225 0.0177381
0.2 0.225 0.0196553
0.225 0.225 0.0214168
0.25 0.225 0.0230225
0.275 0.225 0.0244721
0.3 0.225 0.0257653
0.325 0.225 0.0269022
0.35 0.225 0.0278827
0.375 0.225 0.0287068
0.4 0.225 0.0293747
0.425 0.225 0.0298865
0.45 0.225 0.0302424
0.475 0.225 0.0304429
0.5 0.225 0.0304883
0.525 0.225 0.030379
0.55 0.225 0.0301155
0.575 0.225 0.0296985
0.6 0.225 0.0291285
0.625 0.225 0.0284064
0.65 0.225 0.0275328
0.675 0.225 0.0265087
0.7 0.225 0.0253349
0.725 0.225 0.0240125
0.75 0.225 0.0225425
0.775 0.225 0.020926
0.8 0.225 0.0191641
0.825 0.225 0.0172582
0.85 0.225 0.0152095
0.875 0.225 0.0130194
0.9 0.225 0.0106893
0.925 0.225 0.0082207
0.95 0.225 0.0056152
0.975 0.225 0.00287441
0.025 0.25 0.00301695
0.05 0.25 0.00588169
0.075 0.25 0.00859347
0.1 0.25 0.0111516
0.125 0.25 0.0135554
0.15 0.25 0.0158043
0.175 0.25 0.0178979
0.2 0.25 0.0198355
0.225 0.25 0.021617
0.25 0.25 0.0232419
0.275 0.25 0.0247099
0.3 0.25 0.0260208
0.325 0.25 0.0271746
0.35 0.25 0.028171
0.375 0.25 0.0290101
0.4 0.25 0.0296919
0.425 0.25 0.0302164
0.45 0.25 0.030584
0.475 0.25 0.0307946
0.5 0.25 0.0308487
0.525 0.25 0.0307465
0.55 0.25 0.0304885
0.575 0.25 0.0300751
0.6 0.25 0.0295068
0.625 0.25 0.0287842
0.65 0.25 0.027908
0.675 0.25 0.0268787
0.7 0.25 0.0256972
0.725 0.25 0.0243643
0.75 0.25 0.0228809
0.775 0.25 0.0212478
0.8 0.25 0.0194662
0.825 0.25 0.0175369
0.85 0.25 0.0154612
0.875 0.25 0.0132401
0.9 0.25 0.010875
0.925 0.25 0.00836705
0.95 0.25 0.00571763
0.975 0.25 0.00292813
0.025 0.275 0.00298056
0.05 0.275 0.00581146
0.075 0.275 0.00849193
0.1 0.275 0.0110213
0.125 0.275 0.0133989
0.15 0.275 0.0156243
0.175 0.275 0.0176967
0.2 0.275 0.0196158
0.225 0.275 0.0213812
0.25 0.275 0.0229924
0.275 0.275 0.0244492
0.3 0.275 0.0257513
0.325 0.275 0.0268985
0.35 0.275 0.0278905
0.375 0.275 0.0287274
0.4 0.275 0.0294091
0.425 0.275 0.0299355
0.45 0.275 0.0303068
0.475 0.275 0.0305229
0.5 0.275 0.0305842
0.525 0.275 0.0304908
0.55 0.275 0.0302429
0.575 0.275 0.029841
0.6 0.275 0.0292853
0.625 0.275 0.0285764
0.65 0.275 0.0277146
0.675 0.275 0.0267006
0.7 0.275 0.0255348
0.725 0.275 0.0242181
0.75 0.275 0.0227509
0.775 0.275 0.0211342
0.8 0.275 0.0193687
0.825 0.275 0.0174551
0.85 0.275 0.0153946
0.875 0.275 0.0131879
0.9 0.275 0.0108361
0.925 0.275 0.00834032
0.95 0.275 0.00570157
0.975 0.275 0.00292106
0.025 0.3 0.00288364
0.05 0.3 0.00562322
0.075 0.3 0.00821798
0.1 0.3 0.0106673
0.125 0.3 0.0129704
0.15 0.3 0.0151269
0.175 0.3 0.0171361
0.2 0.3 0.0189976
0.225 0.3 0.0207108
0.25 0.3 0.0222754
0.275 0.3 0.0236911
0.3 0.3 0.0249575
0.325 0.3 0.0260744
0.35 0.3 0.0270414
0.375 0.3 0.0278586
0.4 0.3 0.0285256
0.425 0.3 0.0290426
0.45 0.3 0.0294093
0.475 0.3 0.0296259
0.5 0.3 0.0296923
0.525 0.3 0.0296088
0.55 0.3 0.0293753
0.575 0.3 0.0289923
0.6 0.3 0.0284598
0.625 0.3 0.0277782
0.65 0.3 0.0269478
0.675 0.3 0.0259691
0.7 0.3 0.0248423
0.725 0.3 0.0235681
0.75 0.3 0.0221469
0.775 0.3 0.0205793
0.8 0.3 0.0188659
0.825 0.3 0.0170074
0.85 0.3 0.0150045
0.875 0.3 0.012858
0.9 0.3 0.0105686
0.925 0.3 0.00813716
0.95 0.3 0.00556462
0.975 0.3 0.00285191
0.025 0.325 0.00272666
0.05 0.325 0.00531783
0.075 0.325 0.0077728
0.1 0.325 0.0100909
0.125 0.325 0.0122715
0.15 0.325 0.014314
0.175 0.325 0.0162178
0.2 0.325 0.0179825
0.225 0.325 0.0196075
0.25 0.325 0.0210925
0.275 0.325 0.022437
0.3 0.325 0.0236407
0.325 0.325 0.0247032
0.35 0.325 0.0256244
0.375 0.325 0.0264039
0.4 0.325 0.0270416
0.425 0.325 0.0275373
0.45 0.325 0.0278909
0.475 0.325 0.0281023
0.5 0.325 0.0281716
0.525 0.325 0.0280986
0.55 0.325 0.0278835
0.575 0.325 0.0275263
0.6 0.325 0.0270272
0.625 0.325 0.0263864
0.65 0.325 0.0256039
0.675 0.325 0.0246802
0.7 0.325 0.0236155
0.725 0.325 0.0224101
0.75 0.325 0.0210643
0.775 0.325 0.0195787
0.8 0.325 0.0179536
0.825 0.325 0.0161895
0.85 0.325 0.014287
0.875 0.325 0.0122467
0.9 0.325 0.0100691
0.925 0.325 0.00775494
0.95 0.325 0.00530486
0.975 0.325 0.00271962
0.025 0.35 0.00251016
0.05 0.35 0.00489631
0.075 0.35 0.00715775
0.1 0.35 0.00929384
0.125 0.35 0.011304
0.15 0.35 0.0131875
0.175 0.35 0.014944
0.2 0.35 0.0165728
0.225 0.35 0.0180735
0.25 0.35 0.0194457
0.275 0.35 0.0206888
0.3 0.35 0.0218026
0.325 0.35 0.0227867
0.35 0.35 0.0236408
0.375 0.35 0.0243646
0.4 0.35 0.0249578
0.425 0.35 0.0254203
0.45 0.35 0.0257518
0.475 0.35 0.0259522
0.5 0.35 0.0260215
0.525 0.35 0.0259595
0.55 0.35 0.0257662
0.575 0.35 0.0254416
0.6 0.35 0.0249858
0.625 0.35 0.0243987
0.65 0.35 0.0236806
0.675 0.35 0.0228314
0.7 0.35 0.0218515
0.725 0.35 0.020741
0.75 0.35 0.0195001
0.775 0.35 0.0181292
0.8 0.35 0.0166285
0.825 0.35 0.0149984
0.85 0.35 0.0132392
0.875 0.35 0.0113514
0.9 0.35 0.00933543
0.925 0.35 0.00719176
0.95 0.35 0.00492092
0.975 0.35 0.00252347
0.025 0.375 0.00223474
0.05 0.375 0.00435975
0.075 0.375 0.00637439
0.1 0.375 0.00827803
0.125 0.375 0.0100701
0.15 0.375 0.01175
0.175 0.375 0.0133171
0.2 0.375 0.0147711
0.225 0.375 0.0161114
0.25 0.375 0.0173375
0.275 0.375 0.0184491
0.3 0.375 0.0194457
0.325 0.375 0.020327
0.35 0.375 0.0210927
0.375 0.375 0.0217424
0.4 0.375 0.0222758
0.425 0.375 0.0226927
0.45 0.375 0.022993
0.475 0.375 0.0231763
0.5 0.375 0.0232426
0.525 0.375 0.0231916
0.55 0.375 0.0230234
0.575 0.375 0.0227378
0.6 0.375 0.0223348
0.625 0.375 0.0218144
0.65 0.375 0.0211766
0.675 0.375 0.0204214
0.7 0.375 0.019549
0.725 0.375 0.0185593
0.75 0.375 0.0174526
0.775 0.375 0.0162291
0.8 0.375 0.0148889
0.825 0.375 0.0134322
0.85 0.375 0.0118593
0.875 0.375 0.0101705
0.9 0.375 0.0083661
0.925 0.375 0.00644646
0.95 0.375 0.00441195
0.975 0.375 0.00226299
0.025 0.4 0.00190108
0.05 0.4 0.00370943
0.075 0.4 0.00542446
0.1 0.4 0.00704558
0.125 0.4 0.00857225
0.15 0.4 0.0100039
0.175 0.4 0.0113401
0.2 0.4 0.0125804
0.225 0.4 0.0137242
0.25 0.4 0.0147712
0.275 0.4 0.0157209
0.3 0.4 0.0165729
0.325 0.4 0.017327
0.35 0.4 0.0179827
0.375 0.4 0.0185398
0.4 0.4 0.0189979
0.425 0.4 0.0193568
0.45 0.4 0.0196163
0.475 0.4 0.0197762
0.5 0.4 0.0198362
0.525 0.4 0.0197962
0.55 0.4 0.0196561
0.575 0.4 0.0194157
0.6 0.4 0.019075
0.625 0.4 0.0186338
0.65 0.4 0.0180922
0.675 0.4 0.0174502
0.7 0.4 0.0167077
0.725 0.4 0.0158647
0.75 0.4 0.0149214
0.775 0.4 0.0138779
0.8 0.4 0.0127341
0.825 0.4 0.0114904
0.85 0.4 0.0101467
0.875 0.4 0.00870342
0.9 0.4 0.00716064
0.925 0.4 0.00551863
0.95 0.4 0.00377765
0.975 0.4 0.001938
0.025 0.425 0.00150993
0.05 0.425 0.00294672
0.075 0.425 0.00430987
0.1 0.425 0.00559885
0.125 0.425 0.00681321
0.15 0.425 0.00795247
0.175 0.425 0.00901619
0.2 0.425 0.010004
0.225 0.425 0.0109154
0.25 0.425 0.01175
0.275 0.425 0.0125076
0.3 0.425 0.0131877
0.325 0.425 0.01379
0.35 0.425 0.0143142
0.375 0.425 0.01476
0.4 0.425 0.0151272
0.425 0.425 0.0154155
0.45 0.425 0.0156247
0.475 0.425 0.0157546
0.5 0.425 0.0158049
0.525 0.425 0.0157755
0.55 0.425 0.0156664
0.575 0.425 0.0154772
0.6 0.425 0.015208
0.625 0.425 0.0148586
0.65 0.425 0.014429
0.675 0.425 0.0139191
0.7 0.425 0.0133289
0.725 0.425 0.0126584
0.75 0.425 0.0119075
0.775 0.425 0.0110764
0.8 0.425 0.0101651
0.825 0.425 0.00917367
0.85 0.425 0.00810216
0.875 0.425 0.00695072
0.9 0.425 0.00571948
0.925 0.425 0.0044086
0.95 0.425 0.00301825
0.975 0.425 0.00154864
0.025 0.45 0.0010621
0.05 0.45 0.00207314
0.075 0.45 0.00303271
0.1 0.45 0.00394044
0.125 0.45 0.00479594
0.15 0.45 0.00559886
0.175 0.45 0.00634886
0.2 0.45 0.00704561
0.225 0.45 0.00768879
0.25 0.45 0.00827809
0.275 0.45 0.00881324
0.3 0.45 0.00929396
0.325 0.45 0.00971998
0.35 0.45 0.0100911
0.375 0.45 0.010407
0.4 0.45 0.0106675
0.425 0.45 0.0108725
0.45 0.45 0.0110216
0.475 0.45 0.0111149
0.5 0.45 0.011152
0.525 0.45 0.0111329
0.55 0.45 0.0110574
0.575 0.45 0.0109254
0.6 0.45 0.0107368
0.625 0.45 0.0104916
0.65 0.45 0.0101896
0.675 0.45 0.00983079
0.7 0.45 0.00941516
0.725 0.45 0.00894266
0.75 0.45 0.00841328
0.775 0.45 0.00782703
0.8 0.45 0.00718393
0.825 0.45 0.00648402
0.85 0.45 0.00572734
0.875 0.45 0.00491397
0.9 0.45 0.00404397
0.925 0.45 0.00311746
0.95 0.45 0.00213453
0.975 0.45 0.00109533
0.025 0.475 0.000558476
0.05 0.475 0.00109031
0.075 0.475 0.00159528
0.1 0.475 0.00207314
0.125 0.475 0.0025237
0.15 0.475 0.00294674
0.175 0.475 0.00334205
0.2 0.475 0.00370946
0.225 0.475 0.00404876
0.25 0.475 0.0043598
0.275 0.475 0.00464239
0.3 0.475 0.00489637
0.325 0.475 0.0051216
0.35 0.475 0.00531794
0.375 0.475 0.00548523
0.4 0.475 0.00562336
0.425 0.475 0.0057322
0.45 0.475 0.00581165
0.475 0.475 0.00586159
0.5 0.475 0.00588194
0.525 0.475 0.0058726
0.55 0.475 0.00583349
0.575 0.475 0.00576455
0.6 0.475 0.00566572
0.625 0.475 0.00553693
0.65 0.475 0.00537814
0.675 0.475 0.00518932
0.7 0.475 0.00497044
0.725 0.475 0.00472147
0.75 0.475 0.00444241
0.775 0.475 0.00413324
0.8 0.475 0.00379398
0.825 0.475 0.00342464
0.85 0.475 0.00302525
0.875 0.475 0.00259582
0.9 0.475 0.00213641
0.925 0.475 0.00164706
0.95 0.475 0.00112783
0.975 0.475 0.000578783
