0.05 0.05 0.0021367
0.1 0.05 0.00404455
0.15 0.05 0.00572034
0.2 0.05 0.00716179
0.25 0.05 0.00836757
0.3 0.05 0.00933723
0.35 0.05 0.0100713
0.4 0.05 0.0105711
0.45 0.05 0.0108391
0.5 0.05 0.0108783
0.55 0.05 0.0106929
0.6 0.05 0.0102879
0.65 0.05 0.00966887
0.7 0.05 0.00884259
0.75 0.05 0.00781642
0.8 0.05 0.00659856
0.85 0.05 0.00519795
0.9 0.05 0.00362428
0.95 0.05 0.00188794
0.05 0.1 0.00379454
0.1 0.1 0.00718504
0.15 0.1 0.0101668
0.2 0.1 0.0127363
0.25 0.1 0.0148916
0.3 0.1 0.0166319
0.35 0.1 0.0179576
0.4 0.1 0.0188707
0.45 0.1 0.0193741
0.5 0.1 0.0194722
0.55 0.1 0.0191708
0.6 0.1 0.0184766
0.65 0.1 0.0173977
0.7 0.1 0.0159434
0.75 0.1 0.0141242
0.8 0.1 0.0119516
0.85 0.1 0.00943856
0.9 0.1 0.00659878
0.95 0.1 0.00344726
0.05 0.15 0.00497125
0.1 0.15 0.00941676
0.15 0.15 0.0133313
0.2 0.15 0.0167108
0.25 0.15 0.0195529
0.3 0.15 0.0218563
0.35 0.15 0.0236212
0.4 0.15 0.0248489
0.45 0.15 0.0255424
0.5 0.15 0.0257056
0.55 0.15 0.0253441
0.6 0.15 0.0244645
0.65 0.15 0.0230748
0.7 0.15 0.0211844
0.75 0.15 0.0188036
0.8 0.15 0.0159444
0.85 0.15 0.0126196
0.9 0.15 0.00884344
0.95 0.15 0.00463139
0.05 0.2 0.00566674
0.1 0.2 0.0107389
0.15 0.2 0.015211
0.2 0.2 0.0190789
0.25 0.2 0.0223398
0.3 0.2 0.0249917
0.35 0.2 0.0270342
0.4 0.2 0.0284678
0.45 0.2 0.0292944
0.5 0.2 0.0295169
0.55 0.2 0.0291395
0.6 0.2 0.0281674
0.65 0.2 0.0266071
0.7 0.2 0.0244662
0.75 0.2 0.0217536
0.8 0.2 0.018479
0.85 0.2 0.0146536
0.9 0.2 0.0102896
0.95 0.2 0.00540022
0.05 0.25 0.00588309
0.1 0.25 0.0111543
0.15 0.25 0.0158083
0.2 0.25 0.0198406
0.25 0.25 0.0232481
0.3 0.25 0.0260281
0.35 0.25 0.0281793
0.4 0.25 0.0297012
0.45 0.25 0.0305942
0.5 0.25 0.0308597
0.55 0.25 0.0305002
0.6 0.25 0.0295189
0.65 0.25 0.0279202
0.7 0.25 0.0257092
0.75 0.25 0.0228922
0.8 0.25 0.0194762
0.85 0.25 0.0154695
0.9 0.25 0.010881
0.95 0.25 0.00572078
0.05 0.3 0.00562454
0.1 0.3 0.0106698
0.15 0.3 0.0151306
0.2 0.3 0.0190024
0.25 0.3 0.0222814
0.3 0.3 0.0249645
0.35 0.3 0.0270494
0.4 0.3 0.0285345
0.45 0.3 0.0294191
0.5 0.3 0.0297029
0.55 0.3 0.0293866
0.6 0.3 0.0284715
0.65 0.3 0.0269597
0.7 0.3 0.0248539
0.75 0.3 0.0221578
0.8 0.3 0.0188757
0.85 0.3 0.0150126
0.9 0.3 0.0105744
0.95 0.3 0.0055677
0.05 0.35 0.00489745
0.1 0.35 0.00929608
0.15 0.35 0.0131908
0.2 0.35 0.016577
0.25 0.35 0.0194508
0.3 0.35 0.0218087
0.35 0.35 0.0236477
0.4 0.35 0.0249656
0.45 0.35 0.0257604
0.5 0.35 0.0260308
0.55 0.35 0.0257761
0.6 0.35 0.0249961
0.65 0.35 0.023691
0.7 0.35 0.0218618
0.75 0.35 0.0195099
0.8 0.35 0.0166372
0.85 0.35 0.0132464
0.9 0.35 0.00934064
0.95 0.35 0.00492368
0.05 0.4 0.0037103
0.1 0.4 0.00704727
0.15 0.4 0.0100064
0.2 0.4 0.0125836
0.25 0.4 0.0147751
0.3 0.4 0.0165775
0.35 0.4 0.017988
0.4 0.4 0.0190038
0.45 0.4 0.0196229
0.5 0.4 0.0198433
0.55 0.4 0.0196637
0.6 0.4 0.0190829
0.65 0.4 0.0181003
0.7 0.4 0.0167156
0.75 0.4 0.014929
0.8 0.4 0.0127409
0.85 0.4 0.0101524
0.9 0.4 0.00716474
0.95 0.4 0.00377983
0.05 0.45 0.00207363
0.1 0.45 0.00394139
0.15 0.45 0.00560024
0.2 0.45 0.0070474
0.25 0.45 0.00828027
0.3 0.45 0.00929652
0.35 0.45 0.010094
0.4 0.45 0.0106708
0.45 0.45 0.0110253
0.5 0.45 0.011156
0.55 0.45 0.0110617
0.6 0.45 0.0107413
0.65 0.45 0.0101942
0.7 0.45 0.00941973
0.75 0.45 0.00841765
0.8 0.45 0.00718788
0.85 0.45 0.00573064
0.9 0.45 0.00404638
0.95 0.45 0.00213582
