0.0166667 0.0166667 0.00026403
0.0333333 0.0166667 0.000519043
0.05 0.0166667 0.000764977
0.0666667 0.0166667 0.00100177
0.0833333 0.0166667 0.00122938
0.1 0.0166667 0.00144774
0.116667 0.0166667 0.00165683
0.133333 0.0166667 0.00185658
0.15 0.0166667 0.00204699
0.166667 0.0166667 0.002228
0.183333 0.0166667 0.0023996
0.2 0.0166667 0.00256177
0.216667 0.0166667 0.0027145
0.233333 0.0166667 0.00285776
0.25 0.0166667 0.00299156
0.266667 0.0166667 0.00311589
0.283333 0.0166667 0.00323076
0.3 0.0166667 0.00333617
0.316667 0.0166667 0.00343215
0.333333 0.0166667 0.00351869
0.35 0.0166667 0.00359584
0.366667 0.0166667 0.00366361
0.383333 0.0166667 0.00372203
0.4 0.0166667 0.00377115
0.416667 0.0166667 0.003811
0.433333 0.0166667 0.00384162
0.45 0.0166667 0.00386307
0.466667 0.0166667 0.0038754
0.483333 0.0166667 0.00387867
0.5 0.0166667 0.00387294
0.516667 0.0166667 0.00385828
0.533333 0.0166667 0.00383477
0.55 0.0166667 0.00380247
0.566667 0.0166667 0.00376147
0.583333 0.0166667 0.00371185
0.6 0.0166667 0.0036537
0.616667 0.0166667 0.00358711
0.633333 0.0166667 0.00351219
0.65 0.0166667 0.00342903
0.666667 0.0166667 0.00333774
0.683333 0.0166667 0.00323843
0.7 0.0166667 0.0031312
0.716667 0.0166667 0.00301619
0.733333 0.0166667 0.0028935
0.75 0.0166667 0.00276327
0.766667 0.0166667 0.00262562
0.783333 0.0166667 0.00248069
0.8 0.0166667 0.0023286
0.816667 0.0166667 0.00216951
0.833333 0.0166667 0.00200355
0.85 0.0166667 0.00183086
0.866667 0.0166667 0.00165161
0.883333 0.0166667 0.00146593
0.9 0.0166667 0.001274
0.916667 0.0166667 0.00107596
0.933333 0.0166667 0.000871975
0.95 0.0166667 0.00066222
0.966667 0.0166667 0.000446857
0.983333 0.0166667 0.000226059
0.0166667 0.0333333 0.000509784
0.0333333 0.0333333 0.00100217
0.05 0.0333333 0.00147705
0.0666667 0.0333333 0.00193431
0.0833333 0.0333333 0.00237387
0.1 0.0333333 0.00279562
0.116667 0.0333333 0.0031995
0.133333 0.0333333 0.00358543
0.15 0.0333333 0.00395334
0.166667 0.0333333 0.00430319
0.183333 0.0333333 0.00463493
0.2 0.0333333 0.00494853
0.216667 0.0333333 0.00524394
0.233333 0.0333333 0.00552116
0.25 0.0333333 0.00578018
0.266667 0.0333333 0.00602098
0.283333 0.0333333 0.00624358
0.3 0.0333333 0.00644798
0.316667 0.0333333 0.00663422
0.333333 0.0333333 0.00680233
0.35 0.0333333 0.00695233
0.366667 0.0333333 0.00708429
0.383333 0.0333333 0.00719825
0.4 0.0333333 0.00729428
0.416667 0.0333333 0.00737246
0.433333 0.0333333 0.00743286
0.45 0.0333333 0.00747557
0.466667 0.0333333 0.00750069
0.483333 0.0333333 0.00750833
0.5 0.0333333 0.00749859
0.516667 0.0333333 0.00747161
0.533333 0.0333333 0.0074275
0.55 0.0333333 0.00736641
0.566667 0.0333333 0.00728848
0.583333 0.0333333 0.00719386
0.6 0.0333333 0.00708272
0.616667 0.0333333 0.00695522
0.633333 0.0333333 0.00681153
0.65 0.0333333 0.00665184
0.666667 0.0333333 0.00647634
0.683333 0.0333333 0.00628523
0.7 0.0333333 0.00607871
0.716667 0.0333333 0.00585699
0.733333 0.0333333 0.00562029
0.75 0.0333333 0.00536884
0.766667 0.0333333 0.00510286
0.783333 0.0333333 0.0048226
0.8 0.0333333 0.00452831
0.816667 0.0333333 0.00422023
0.833333 0.0333333 0.00389863
0.85 0.0333333 0.00356377
0.866667 0.0333333 0.00321592
0.883333 0.0333333 0.00285535
0.9 0.0333333 0.00248236
0.916667 0.0333333 0.00209723
0.933333 0.0333333 0.00170025
0.95 0.0333333 0.00129173
0.966667 0.0333333 0.000871975
0.983333 0.0333333 0.000441292
0.0166667 0.05 0.000737203
0.0333333 0.05 0.00144927
0.05 0.05 0.00213606
0.0666667 0.05 0.00279741
0.0833333 0.05 0.00343321
0.1 0.05 0.00404332
0.116667 0.05 0.00462765
0.133333 0.05 0.0051861
0.15 0.05 0.00571859
0.166667 0.05 0.00622503
0.183333 0.05 0.00670537
0.2 0.05 0.00715955
0.216667 0.05 0.00758755
0.233333 0.05 0.00798932
0.25 0.05 0.00836487
0.266667 0.05 0.00871417
0.283333 0.05 0.00903723
0.3 0.05 0.00933409
0.316667 0.05 0.00960476
0.333333 0.05 0.00984928
0.35 0.05 0.0100677
0.366667 0.05 0.0102601
0.383333 0.05 0.0104266
0.4 0.05 0.0105671
0.416667 0.05 0.0106819
0.433333 0.05 0.0107711
0.45 0.05 0.0108347
0.466667 0.05 0.0108729
0.483333 0.05 0.0108858
0.5 0.05 0.0108736
0.516667 0.05 0.0108364
0.533333 0.05 0.0107745
0.55 0.05 0.0106879
0.566667 0.05 0.010577
0.583333 0.05 0.0104418
0.6 0.05 0.0102827
0.616667 0.05 0.0100998
0.633333 0.05 0.00989335
0.65 0.05 0.00966365
0.666667 0.05 0.00941092
0.683333 0.05 0.00913544
0.7 0.05 0.00883748
0.716667 0.05 0.00851732
0.733333 0.05 0.00817527
0.75 0.05 0.00781161
0.766667 0.05 0.00742668
0.783333 0.05 0.00702079
0.8 0.05 0.00659427
0.816667 0.05 0.00614747
0.833333 0.05 0.00568073
0.85 0.05 0.00519442
0.866667 0.05 0.0046889
0.883333 0.05 0.00416454
0.9 0.05 0.00362174
0.916667 0.05 0.00306088
0.933333 0.05 0.00248236
0.95 0.05 0.00188659
0.966667 0.05 0.00127399
0.983333 0.05 0.000644986
0.0166667 0.0666667 0.000946238
0.0333333 0.0666667 0.00186025
0.05 0.0666667 0.00274185
0.0666667 0.0666667 0.00359088
0.0833333 0.0666667 0.00440717
0.1 0.0666667 0.00519057
0.116667 0.0666667 0.00594097
0.133333 0.0666667 0.00665824
0.15 0.0666667 0.00734228
0.166667 0.0666667 0.00799301
0.183333 0.0666667 0.00861034
0.2 0.0666667 0.00919422
0.216667 0.0666667 0.0097446
0.233333 0.0666667 0.0102614
0.25 0.0666667 0.0107447
0.266667 0.0666667 0.0111944
0.283333 0.0666667 0.0116106
0.3 0.0666667 0.0119932
0.316667 0.0666667 0.0123424
0.333333 0.0666667 0.012658
0.35 0.0666667 0.0129403
0.366667 0.0666667 0.0131893
0.383333 0.0666667 0.013405
0.4 0.0666667 0.0135876
0.416667 0.0666667 0.0137372
0.433333 0.0666667 0.0138539
0.45 0.0666667 0.0139378
0.466667 0.0666667 0.0139892
0.483333 0.0666667 0.0140081
0.5 0.0666667 0.0139948
0.516667 0.0666667 0.0139494
0.533333 0.0666667 0.0138722
0.55 0.0666667 0.0137633
0.566667 0.0666667 0.0136231
0.583333 0.0666667 0.0134517
0.6 0.0666667 0.0132494
0.616667 0.0666667 0.0130165
0.633333 0.0666667 0.0127532
0.65 0.0666667 0.0124599
0.666667 0.0666667 0.0121368
0.683333 0.0666667 0.0117843
0.7 0.0666667 0.0114027
0.716667 0.0666667 0.0109923
0.733333 0.0666667 0.0105536
0.75 0.0666667 0.0100867
0.766667 0.0666667 0.00959226
0.783333 0.0666667 0.00907048
0.8 0.0666667 0.00852183
0.816667 0.0666667 0.00794669
0.833333 0.0666667 0.0073455
0.85 0.0666667 0.00671868
0.866667 0.0666667 0.00606667
0.883333 0.0666667 0.00538992
0.9 0.0666667 0.0046889
0.916667 0.0666667 0.00396407
0.933333 0.0666667 0.00321592
0.95 0.0666667 0.00244493
0.966667 0.0666667 0.00165161
0.983333 0.0666667 0.000836457
0.0166667 0.0833333 0.00113685
0.0333333 0.0833333 0.00223503
0.05 0.0833333 0.00329434
0.0666667 0.0833333 0.00431457
0.0833333 0.0833333 0.00529557
0.1 0.0833333 0.00623715
0.116667 0.0833333 0.00713918
0.133333 0.0833333 0.00800153
0.15 0.0833333 0.00882408
0.166667 0.0833333 0.00960673
0.183333 0.0833333 0.0103494
0.2 0.0833333 0.011052
0.216667 0.0833333 0.0117145
0.233333 0.0833333 0.0123368
0.25 0.0833333 0.012919
0.266667 0.0833333 0.0134609
0.283333 0.0833333 0.0139627
0.3 0.0833333 0.0144243
0.316667 0.0833333 0.0148458
0.333333 0.0833333 0.0152272
0.35 0.0833333 0.0155686
0.366667 0.0833333 0.0158701
0.383333 0.0833333 0.0161318
0.4 0.0833333 0.0163537
0.416667 0.0833333 0.016536
0.433333 0.0833333 0.0166789
0.45 0.0833333 0.0167825
0.466667 0.0833333 0.0168469
0.483333 0.0833333 0.0168724
0.5 0.0833333 0.0168591
0.516667 0.0833333 0.0168074
0.533333 0.0833333 0.0167173
0.55 0.0833333 0.0165891
0.566667 0.0833333 0.0164231
0.583333 0.0833333 0.0162196
0.6 0.0833333 0.0159789
0.616667 0.0833333 0.0157012
0.633333 0.0833333 0.0153868
0.65 0.0833333 0.0150362
0.666667 0.0833333 0.0146495
0.683333 0.0833333 0.0142273
0.7 0.0833333 0.0137698
0.716667 0.0833333 0.0132774
0.733333 0.0833333 0.0127505
0.75 0.0833333 0.0121896
0.766667 0.0833333 0.011595
0.783333 0.0833333 0.0109671
0.8 0.0833333 0.0103065
0.816667 0.0833333 0.00961356
0.833333 0.0833333 0.00888876
0.85 0.0833333 0.00813258
0.866667 0.0833333 0.00734551
0.883333 0.0833333 0.00652806
0.9 0.0833333 0.00568074
0.916667 0.0833333 0.00480409
0.933333 0.0833333 0.00389864
0.95 0.0833333 0.00296494
0.966667 0.0833333 0.00200355
0.983333 0.0833333 0.00101504
0.0166667 0.1 0.00130901
0.0333333 0.1 0.00257356
0.05 0.1 0.00379342
0.0666667 0.1 0.00496838
0.0833333 0.1 0.00609826
0.1 0.1 0.00718289
0.116667 0.1 0.00822209
0.133333 0.1 0.00921573
0.15 0.1 0.0101637
0.166667 0.1 0.0110658
0.183333 0.1 0.0119221
0.2 0.1 0.0127324
0.216667 0.1 0.0134966
0.233333 0.1 0.0142148
0.25 0.1 0.0148868
0.266667 0.1 0.0155128
0.283333 0.1 0.0160926
0.3 0.1 0.0166263
0.316667 0.1 0.0171139
0.333333 0.1 0.0175556
0.35 0.1 0.0179513
0.366667 0.1 0.0183011
0.383333 0.1 0.0186051
0.4 0.1 0.0188636
0.416667 0.1 0.0190765
0.433333 0.1 0.019244
0.45 0.1 0.0193663
0.466667 0.1 0.0194436
0.483333 0.1 0.019476
0.5 0.1 0.0194639
0.516667 0.1 0.0194073
0.533333 0.1 0.0193066
0.55 0.1 0.0191619
0.566667 0.1 0.0189737
0.583333 0.1 0.018742
0.6 0.1 0.0184674
0.616667 0.1 0.01815
0.633333 0.1 0.0177902
0.65 0.1 0.0173884
0.666667 0.1 0.0169449
0.683333 0.1 0.0164601
0.7 0.1 0.0159343
0.716667 0.1 0.0153681
0.733333 0.1 0.0147617
0.75 0.1 0.0141157
0.766667 0.1 0.0134304
0.783333 0.1 0.0127064
0.8 0.1 0.0119441
0.816667 0.1 0.0111439
0.833333 0.1 0.0103065
0.85 0.1 0.00943232
0.866667 0.1 0.00852185
0.883333 0.1 0.00757566
0.9 0.1 0.0065943
0.916667 0.1 0.00557833
0.933333 0.1 0.00452833
0.95 0.1 0.00344489
0.966667 0.1 0.00232861
0.983333 0.1 0.00118011
0.0166667 0.116667 0.0014627
0.0333333 0.116667 0.00287579
0.05 0.116667 0.00423904
0.0666667 0.116667 0.00555223
0.0833333 0.116667 0.00681516
0.1 0.116667 0.00802765
0.116667 0.116667 0.00918952
0.133333 0.116667 0.0103006
0.15 0.116667 0.0113608
0.166667 0.116667 0.01237
0.183333 0.116667 0.0133281
0.2 0.116667 0.014235
0.216667 0.116667 0.0150906
0.233333 0.116667 0.0158948
0.25 0.116667 0.0166477
0.266667 0.116667 0.0173493
0.283333 0.116667 0.0179995
0.3 0.116667 0.0185983
0.316667 0.116667 0.0191457
0.333333 0.116667 0.0196419
0.35 0.116667 0.0200869
0.366667 0.116667 0.0204808
0.383333 0.116667 0.0208236
0.4 0.116667 0.0211155
0.416667 0.116667 0.0213566
0.433333 0.116667 0.0215471
0.45 0.116667 0.0216872
0.466667 0.116667 0.0217769
0.483333 0.116667 0.0218165
0.5 0.116667 0.0218063
0.516667 0.116667 0.0217464
0.533333 0.116667 0.0216371
0.55 0.116667 0.0214787
0.566667 0.116667 0.0212714
0.583333 0.116667 0.0210155
0.6 0.116667 0.0207113
0.616667 0.116667 0.0203593
0.633333 0.116667 0.0199596
0.65 0.116667 0.0195127
0.666667 0.116667 0.0190189
0.683333 0.116667 0.0184786
0.7 0.116667 0.0178922
0.716667 0.116667 0.0172602
0.733333 0.116667 0.0165829
0.75 0.116667 0.0158608
0.766667 0.116667 0.0150944
0.783333 0.116667 0.0142841
0.8 0.116667 0.0134304
0.816667 0.116667 0.0125339
0.833333 0.116667 0.011595
0.85 0.116667 0.0106143
0.866667 0.116667 0.0095923
0.883333 0.116667 0.00852959
0.9 0.116667 0.00742672
0.916667 0.116667 0.00628429
0.933333 0.116667 0.00510289
0.95 0.116667 0.00388313
0.966667 0.116667 0.00262564
0.983333 0.116667 0.00133104
0.0166667 0.133333 0.0015979
0.0333333 0.133333 0.0031417
0.05 0.133333 0.00463117
0.0666667 0.133333 0.00606607
0.0833333 0.133333 0.00744619
0.1 0.133333 0.00877135
0.116667 0.133333 0.0100414
0.133333 0.133333 0.0112561
0.15 0.133333 0.0124154
0.166667 0.133333 0.0135191
0.183333 0.133333 0.0145672
0.2 0.133333 0.0155595
0.216667 0.133333 0.0164959
0.233333 0.133333 0.0173765
0.25 0.133333 0.0182012
0.266667 0.133333 0.0189699
0.283333 0.133333 0.0196826
0.3 0.133333 0.0203394
0.316667 0.133333 0.0209403
0.333333 0.133333 0.0214853
0.35 0.133333 0.0219745
0.366667 0.133333 0.0224079
0.383333 0.133333 0.0227857
0.4 0.133333 0.023108
0.416667 0.133333 0.0233749
0.433333 0.133333 0.0235865
0.45 0.133333 0.0237431
0.466667 0.133333 0.0238447
0.483333 0.133333 0.0238916
0.5 0.133333 0.023884
0.516667 0.133333 0.0238221
0.533333 0.133333 0.0237061
0.55 0.133333 0.0235364
0.566667 0.133333 0.0233132
0.583333 0.133333 0.0230367
0.6 0.133333 0.0227074
0.616667 0.133333 0.0223255
0.633333 0.133333 0.0218913
0.65 0.133333 0.0214052
0.666667 0.133333 0.0208677
0.683333 0.133333 0.0202789
0.7 0.133333 0.0196395
0.716667 0.133333 0.0189497
0.733333 0.133333 0.0182101
0.75 0.133333 0.017421
0.766667 0.133333 0.0165829
0.783333 0.133333 0.0156963
0.8 0.133333 0.0147618
0.816667 0.133333 0.0137797
0.833333 0.133333 0.0127506
0.85 0.133333 0.0116751
0.866667 0.133333 0.0105536
0.883333 0.133333 0.00938687
0.9 0.133333 0.00817533
0.916667 0.133333 0.00691962
0.933333 0.133333 0.00562033
0.95 0.133333 0.00427809
0.966667 0.133333 0.00289353
0.983333 0.133333 0.00146728
0.0166667 0.15 0.00171462
0.0333333 0.15 0.00337131
0.05 0.15 0.0049698
0.0666667 0.15 0.00650989
0.0833333 0.15 0.00799134
0.1 0.15 0.00941398
0.116667 0.15 0.0107776
0.133333 0.15 0.0120821
0.15 0.15 0.0133272
0.166667 0.15 0.014513
0.183333 0.15 0.0156391
0.2 0.15 0.0167057
0.216667 0.15 0.0177125
0.233333 0.15 0.0186595
0.25 0.15 0.0195467
0.266667 0.15 0.020374
0.283333 0.15 0.0211414
0.3 0.15 0.021849
0.316667 0.15 0.0224967
0.333333 0.15 0.0230847
0.35 0.15 0.0236128
0.366667 0.15 0.0240813
0.383333 0.15 0.0244902
0.4 0.15 0.0248396
0.416667 0.15 0.0251296
0.433333 0.15 0.0253604
0.45 0.15 0.0255322
0.466667 0.15 0.025645
0.483333 0.15 0.025699
0.5 0.15 0.0256946
0.516667 0.15 0.0256319
0.533333 0.15 0.0255111
0.55 0.15 0.0253324
0.566667 0.15 0.0250963
0.583333 0.15 0.0248029
0.6 0.15 0.0244525
0.616667 0.15 0.0240454
0.633333 0.15 0.023582
0.65 0.15 0.0230627
0.666667 0.15 0.0224877
0.683333 0.15 0.0218575
0.7 0.15 0.0211725
0.716667 0.15 0.020433
0.733333 0.15 0.0196395
0.75 0.15 0.0187925
0.766667 0.15 0.0178923
0.783333 0.15 0.0169394
0.8 0.15 0.0159344
0.816667 0.15 0.0148777
0.833333 0.15 0.0137699
0.85 0.15 0.0126114
0.866667 0.15 0.0114028
0.883333 0.15 0.0101447
0.9 0.15 0.00883757
0.916667 0.15 0.00748207
0.933333 0.15 0.00607877
0.95 0.15 0.00462829
0.966667 0.15 0.00313124
0.983333 0.15 0.00158826
0.0166667 0.166667 0.00181287
0.0333333 0.166667 0.00356461
0.05 0.166667 0.00525497
0.0666667 0.166667 0.00688372
0.0833333 0.166667 0.00845064
0.1 0.166667 0.00995553
0.116667 0.166667 0.0113982
0.133333 0.166667 0.0127785
0.15 0.166667 0.0140963
0.166667 0.166667 0.0153515
0.183333 0.166667 0.0165439
0.2 0.166667 0.0176734
0.216667 0.166667 0.0187399
0.233333 0.166667 0.0197434
0.25 0.166667 0.0206839
0.266667 0.166667 0.0215612
0.283333 0.166667 0.0223754
0.3 0.166667 0.0231265
0.316667 0.166667 0.0238145
0.333333 0.166667 0.0244393
0.35 0.166667 0.0250012
0.366667 0.166667 0.0255
0.383333 0.166667 0.0259359
0.4 0.166667 0.0263091
0.416667 0.166667 0.0266195
0.433333 0.166667 0.0268674
0.45 0.166667 0.0270528
0.466667 0.166667 0.0271759
0.483333 0.166667 0.027237
0.5 0.166667 0.0272361
0.516667 0.166667 0.0271736
0.533333 0.166667 0.0270495
0.55 0.166667 0.0268643
0.566667 0.166667 0.026618
0.583333 0.166667 0.026311
0.6 0.166667 0.0259436
0.616667 0.166667 0.025516
0.633333 0.166667 0.0250287
0.65 0.166667 0.0244818
0.666667 0.166667 0.0238758
0.683333 0.166667 0.023211
0.7 0.166667 0.0224878
0.716667 0.166667 0.0217066
0.733333 0.166667 0.0208678
0.75 0.166667 0.0199718
0.766667 0.166667 0.019019
0.783333 0.166667 0.0180099
0.8 0.166667 0.0169451
0.816667 0.166667 0.0158248
0.833333 0.166667 0.0146497
0.85 0.166667 0.0134202
0.866667 0.166667 0.012137
0.883333 0.166667 0.0108004
0.9 0.166667 0.00941105
0.916667 0.166667 0.00796954
0.933333 0.166667 0.00647643
0.95 0.166667 0.00493231
0.966667 0.166667 0.00333778
0.983333 0.166667 0.00169347
0.0166667 0.183333 0.00189267
0.0333333 0.183333 0.00372166
0.05 0.183333 0.00548672
0.0666667 0.183333 0.00718761
0.0833333 0.183333 0.00882413
0.1 0.183333 0.0103961
0.116667 0.183333 0.0119033
0.133333 0.183333 0.0133455
0.15 0.183333 0.0147227
0.166667 0.183333 0.0160347
0.183333 0.183333 0.0172813
0.2 0.183333 0.0184625
0.216667 0.183333 0.0195782
0.233333 0.183333 0.0206282
0.25 0.183333 0.0216126
0.266667 0.183333 0.0225313
0.283333 0.183333 0.0233842
0.3 0.183333 0.0241714
0.316667 0.183333 0.0248929
0.333333 0.183333 0.0255486
0.35 0.183333 0.0261387
0.366667 0.183333 0.0266631
0.383333 0.183333 0.0271219
0.4 0.183333 0.0275153
0.416667 0.183333 0.0278432
0.433333 0.183333 0.0281059
0.45 0.183333 0.0283034
0.466667 0.183333 0.028436
0.483333 0.183333 0.0285036
0.5 0.183333 0.0285066
0.516667 0.183333 0.0284451
0.533333 0.183333 0.0283194
0.55 0.183333 0.0281295
0.566667 0.183333 0.0278759
0.583333 0.183333 0.0275587
0.6 0.183333 0.0271781
0.616667 0.183333 0.0267346
0.633333 0.183333 0.0262283
0.65 0.183333 0.0256595
0.666667 0.183333 0.0250287
0.683333 0.183333 0.0243361
0.7 0.183333 0.0235822
0.716667 0.183333 0.0227671
0.733333 0.183333 0.0218915
0.75 0.183333 0.0209555
0.766667 0.183333 0.0199598
0.783333 0.183333 0.0189046
0.8 0.183333 0.0177905
0.816667 0.183333 0.0166178
0.833333 0.183333 0.0153871
0.85 0.183333 0.0140988
0.866667 0.183333 0.0127534
0.883333 0.183333 0.0113515
0.9 0.183333 0.00989351
0.916667 0.183333 0.00838005
0.933333 0.183333 0.00681164
0.95 0.183333 0.00518885
0.966667 0.183333 0.00351225
0.983333 0.183333 0.00178243
0.0166667 0.2 0.00195405
0.0333333 0.2 0.0038425
0.05 0.2 0.00566512
0.0666667 0.2 0.00742167
0.0833333 0.2 0.00911194
0.1 0.2 0.0107357
0.116667 0.2 0.0122928
0.133333 0.2 0.0137831
0.15 0.2 0.0152064
0.166667 0.2 0.0165626
0.183333 0.2 0.0178515
0.2 0.2 0.0190731
0.216667 0.2 0.0202272
0.233333 0.2 0.0213137
0.25 0.2 0.0223326
0.266667 0.2 0.0232839
0.283333 0.2 0.0241675
0.3 0.2 0.0249834
0.316667 0.2 0.0257315
0.333333 0.2 0.026412
0.35 0.2 0.0270247
0.366667 0.2 0.0275698
0.383333 0.2 0.0280473
0.4 0.2 0.0284572
0.416667 0.2 0.0287997
0.433333 0.2 0.0290749
0.45 0.2 0.0292828
0.466667 0.2 0.0294236
0.483333 0.2 0.0294974
0.5 0.2 0.0295044
0.516667 0.2 0.0294447
0.533333 0.2 0.0293186
0.55 0.2 0.0291262
0.566667 0.2 0.0288677
0.583333 0.2 0.0285435
0.6 0.2 0.0281536
0.616667 0.2 0.0276984
0.633333 0.2 0.0271782
0.65 0.2 0.0265932
0.666667 0.2 0.0259437
0.683333 0.2 0.0252301
0.7 0.2 0.0244526
0.716667 0.2 0.0236117
0.733333 0.2 0.0227076
0.75 0.2 0.0217408
0.766667 0.2 0.0207116
0.783333 0.2 0.0196204
0.8 0.2 0.0184677
0.816667 0.2 0.0172538
0.833333 0.2 0.0159792
0.85 0.2 0.0146443
0.866667 0.2 0.0132496
0.883333 0.2 0.0117957
0.9 0.2 0.0102829
0.916667 0.2 0.00871176
0.933333 0.2 0.00708285
0.95 0.2 0.00539667
0.966667 0.2 0.00365376
0.983333 0.2 0.00185468
0.0166667 0.216667 0.00199704
0.0333333 0.216667 0.00392722
0.05 0.216667 0.00579028
0.0666667 0.216667 0.00758601
0.0833333 0.216667 0.00931419
0.1 0.216667 0.0109746
0.116667 0.216667 0.0125671
0.133333 0.216667 0.0140915
0.15 0.216667 0.0155477
0.166667 0.216667 0.0169354
0.183333 0.216667 0.0182546
0.2 0.216667 0.0195052
0.216667 0.216667 0.020687
0.233333 0.216667 0.0217999
0.25 0.216667 0.022844
0.266667 0.216667 0.0238191
0.283333 0.216667 0.0247251
0.3 0.216667 0.0255621
0.316667 0.216667 0.0263301
0.333333 0.216667 0.0270289
0.35 0.216667 0.0276588
0.366667 0.216667 0.0282195
0.383333 0.216667 0.0287113
0.4 0.216667 0.0291341
0.416667 0.216667 0.0294881
0.433333 0.216667 0.0297732
0.45 0.216667 0.0299896
0.466667 0.216667 0.0301375
0.483333 0.216667 0.0302168
0.5 0.216667 0.0302278
0.516667 0.216667 0.0301706
0.533333 0.216667 0.0300454
0.55 0.216667 0.0298523
0.566667 0.216667 0.0295915
0.583333 0.216667 0.0292633
0.6 0.216667 0.0288678
0.616667 0.216667 0.0284053
0.633333 0.216667 0.027876
0.65 0.216667 0.0272802
0.666667 0.216667 0.0266182
0.683333 0.216667 0.0258902
0.7 0.216667 0.0250965
0.716667 0.216667 0.0242375
0.733333 0.216667 0.0233135
0.75 0.216667 0.0223248
0.766667 0.216667 0.0212717
0.783333 0.216667 0.0201546
0.8 0.216667 0.018974
0.816667 0.216667 0.0177301
0.833333 0.216667 0.0164235
0.85 0.216667 0.0150544
0.866667 0.216667 0.0136234
0.883333 0.216667 0.0121308
0.9 0.216667 0.0105772
0.916667 0.216667 0.00896299
0.933333 0.216667 0.00728864
0.95 0.216667 0.00555466
0.966667 0.216667 0.00376154
0.983333 0.216667 0.00190982
0.0166667 0.233333 0.0020217
0.0333333 0.233333 0.00397589
0.05 0.233333 0.00586233
0.0666667 0.233333 0.0076808
0.0833333 0.233333 0.00943109
0.1 0.233333 0.011113
0.116667 0.233333 0.0127263
0.133333 0.233333 0.0142709
0.15 0.233333 0.0157466
0.166667 0.233333 0.0171533
0.183333 0.233333 0.0184907
0.2 0.233333 0.0197589
0.216667 0.233333 0.0209577
0.233333 0.233333 0.0220869
0.25 0.233333 0.0231466
0.266667 0.233333 0.0241366
0.283333 0.233333 0.0250569
0.3 0.233333 0.0259075
0.316667 0.233333 0.0266883
0.333333 0.233333 0.0273993
0.35 0.233333 0.0280404
0.366667 0.233333 0.0286118
0.383333 0.233333 0.0291134
0.4 0.233333 0.0295453
0.416667 0.233333 0.0299075
0.433333 0.233333 0.0302
0.45 0.233333 0.030423
0.466667 0.233333 0.0305765
0.483333 0.233333 0.0306607
0.5 0.233333 0.0306756
0.516667 0.233333 0.0306214
0.533333 0.233333 0.0304982
0.55 0.233333 0.0303062
0.566667 0.233333 0.0300455
0.583333 0.233333 0.0297162
0.6 0.233333 0.0293187
0.616667 0.233333 0.0288531
0.633333 0.233333 0.0283196
0.65 0.233333 0.0277184
0.666667 0.233333 0.0270498
0.683333 0.233333 0.0263141
0.7 0.233333 0.0255114
0.716667 0.233333 0.0246421
0.733333 0.233333 0.0237065
0.75 0.233333 0.0227048
0.766667 0.233333 0.0216375
0.783333 0.233333 0.0205047
0.8 0.233333 0.0193069
0.816667 0.233333 0.0180444
0.833333 0.233333 0.0167176
0.85 0.233333 0.0153268
0.866667 0.233333 0.0138725
0.883333 0.233333 0.012355
0.9 0.233333 0.0107747
0.916667 0.233333 0.00913216
0.933333 0.233333 0.00742768
0.95 0.233333 0.00566176
0.966667 0.233333 0.00383486
0.983333 0.233333 0.00194744
0.0166667 0.25 0.00202809
0.0333333 0.25 0.00398864
0.05 0.25 0.00588143
0.0666667 0.25 0.00770624
0.0833333 0.25 0.00946285
0.1 0.25 0.0111511
0.116667 0.25 0.0127707
0.133333 0.25 0.0143216
0.15 0.25 0.0158036
0.166667 0.25 0.0172165
0.183333 0.25 0.0185602
0.2 0.25 0.0198346
0.216667 0.25 0.0210395
0.233333 0.25 0.0221749
0.25 0.25 0.0232407
0.266667 0.25 0.0242368
0.283333 0.25 0.025163
0.3 0.25 0.0260195
0.316667 0.25 0.026806
0.333333 0.25 0.0275227
0.35 0.25 0.0281695
0.366667 0.25 0.0287463
0.383333 0.25 0.0292532
0.4 0.25 0.0296902
0.416667 0.25 0.0300573
0.433333 0.25 0.0303546
0.45 0.25 0.0305821
0.466667 0.25 0.0307399
0.483333 0.25 0.030828
0.5 0.25 0.0308467
0.516667 0.25 0.0307958
0.533333 0.25 0.0306757
0.55 0.25 0.0304864
0.566667 0.25 0.030228
0.583333 0.25 0.0299007
0.6 0.25 0.0295046
0.616667 0.25 0.0290399
0.633333 0.25 0.0285069
0.65 0.25 0.0279057
0.666667 0.25 0.0272365
0.683333 0.25 0.0264995
0.7 0.25 0.025695
0.716667 0.25 0.0248232
0.733333 0.25 0.0238844
0.75 0.25 0.0228788
0.766667 0.25 0.0218067
0.783333 0.25 0.0206685
0.8 0.25 0.0194643
0.816667 0.25 0.0181946
0.833333 0.25 0.0168596
0.85 0.25 0.0154596
0.866667 0.25 0.0139951
0.883333 0.25 0.0124664
0.9 0.25 0.0108739
0.916667 0.25 0.00921788
0.933333 0.25 0.0074988
0.95 0.25 0.00571705
0.966667 0.25 0.00387305
0.983333 0.25 0.00196722
0.0166667 0.266667 0.00201626
0.0333333 0.266667 0.00396559
0.05 0.266667 0.00584776
0.0666667 0.266667 0.00766255
0.0833333 0.266667 0.00940975
0.1 0.266667 0.0110892
0.116667 0.266667 0.0127006
0.133333 0.266667 0.0142439
0.15 0.266667 0.0157189
0.166667 0.266667 0.0171254
0.183333 0.266667 0.0184633
0.2 0.266667 0.0197325
0.216667 0.266667 0.0209328
0.233333 0.266667 0.0220642
0.25 0.266667 0.0231265
0.266667 0.266667 0.0241196
0.283333 0.266667 0.0250435
0.3 0.266667 0.0258981
0.316667 0.266667 0.0266834
0.333333 0.266667 0.0273993
0.35 0.266667 0.0280457
0.366667 0.266667 0.0286227
0.383333 0.266667 0.0291303
0.4 0.266667 0.0295684
0.416667 0.266667 0.029937
0.433333 0.266667 0.0302363
0.45 0.266667 0.0304661
0.466667 0.266667 0.0306267
0.483333 0.266667 0.0307179
0.5 0.266667 0.0307399
0.516667 0.266667 0.0306928
0.533333 0.266667 0.0305767
0.55 0.266667 0.0303916
0.566667 0.266667 0.0301377
0.583333 0.266667 0.0298151
0.6 0.266667 0.0294239
0.616667 0.266667 0.0289642
0.633333 0.266667 0.0284363
0.65 0.266667 0.0278403
0.666667 0.266667 0.0271763
0.683333 0.266667 0.0264447
0.7 0.266667 0.0256454
0.716667 0.266667 0.0247788
0.733333 0.266667 0.0238452
0.75 0.266667 0.0228446
0.766667 0.266667 0.0217774
0.783333 0.266667 0.0206438
0.8 0.266667 0.0194441
0.816667 0.266667 0.0181785
0.833333 0.266667 0.0168474
0.85 0.266667 0.0154509
0.866667 0.266667 0.0139896
0.883333 0.266667 0.0124635
0.9 0.266667 0.0108732
0.916667 0.266667 0.00921888
0.933333 0.266667 0.00750091
0.95 0.266667 0.00571967
0.966667 0.266667 0.00387551
0.983333 0.266667 0.00196883
0.0166667 0.283333 0.00198631
0.0333333 0.283333 0.0039069
0.05 0.283333 0.00576153
0.0666667 0.283333 0.00754999
0.0833333 0.283333 0.00927208
0.1 0.283333 0.0109276
0.116667 0.283333 0.0125164
0.133333 0.283333 0.0140382
0.15 0.283333 0.0154929
0.166667 0.283333 0.0168804
0.183333 0.283333 0.0182005
0.2 0.283333 0.019453
0.216667 0.283333 0.0206379
0.233333 0.283333 0.021755
0.25 0.283333 0.0228042
0.266667 0.283333 0.0237854
0.283333 0.283333 0.0246986
0.3 0.283333 0.0255436
0.316667 0.283333 0.0263204
0.333333 0.283333 0.0270289
0.35 0.283333 0.0276692
0.366667 0.283333 0.028241
0.383333 0.283333 0.0287446
0.4 0.283333 0.0291797
0.416667 0.283333 0.0295464
0.433333 0.283333 0.0298447
0.45 0.283333 0.0300747
0.466667 0.283333 0.0302363
0.483333 0.283333 0.0303296
0.5 0.283333 0.0303547
0.516667 0.283333 0.0303115
0.533333 0.283333 0.0302002
0.55 0.283333 0.0300209
0.566667 0.283333 0.0297735
0.583333 0.283333 0.0294583
0.6 0.283333 0.0290752
0.616667 0.283333 0.0286245
0.633333 0.283333 0.0281063
0.65 0.283333 0.0275207
0.666667 0.283333 0.0268678
0.683333 0.283333 0.0261479
0.7 0.283333 0.0253609
0.716667 0.283333 0.0245073
0.733333 0.283333 0.0235871
0.75 0.283333 0.0226004
0.766667 0.283333 0.0215477
0.783333 0.283333 0.020429
0.8 0.283333 0.0192445
0.816667 0.283333 0.0179946
0.833333 0.283333 0.0166794
0.85 0.283333 0.0152992
0.866667 0.283333 0.0138543
0.883333 0.283333 0.012345
0.9 0.283333 0.0107714
0.916667 0.283333 0.00913405
0.933333 0.283333 0.00743309
0.95 0.283333 0.00566888
0.966667 0.283333 0.00384174
0.983333 0.283333 0.001952
0.0166667 0.3 0.00193832
0.0333333 0.3 0.00381272
0.05 0.3 0.00562297
0.0666667 0.3 0.00736887
0.0833333 0.3 0.00905021
0.1 0.3 0.0106668
0.116667 0.3 0.0122184
0.133333 0.3 0.013705
0.15 0.3 0.0151262
0.166667 0.3 0.016482
0.183333 0.3 0.0177722
0.2 0.3 0.0189967
0.216667 0.3 0.0201552
0.233333 0.3 0.0212478
0.25 0.3 0.0222743
0.266667 0.3 0.0232346
0.283333 0.3 0.0241286
0.3 0.3 0.0249562
0.316667 0.3 0.0257174
0.333333 0.3 0.026412
0.35 0.3 0.02704
0.366667 0.3 0.0276013
0.383333 0.3 0.028096
0.4 0.3 0.028524
0.416667 0.3 0.0288852
0.433333 0.3 0.0291797
0.45 0.3 0.0294075
0.466667 0.3 0.0295685
0.483333 0.3 0.0296628
0.5 0.3 0.0296903
0.516667 0.3 0.0296513
0.533333 0.3 0.0295455
0.55 0.3 0.0293733
0.566667 0.3 0.0291345
0.583333 0.3 0.0288292
0.6 0.3 0.0284576
0.616667 0.3 0.0280198
0.633333 0.3 0.0275157
0.65 0.3 0.0269456
0.666667 0.3 0.0263096
0.683333 0.3 0.0256077
0.7 0.3 0.0248402
0.716667 0.3 0.0240071
0.733333 0.3 0.0231086
0.75 0.3 0.0221449
0.766667 0.3 0.0211161
0.783333 0.3 0.0200225
0.8 0.3 0.0188641
0.816667 0.3 0.0176413
0.833333 0.3 0.0163542
0.85 0.3 0.0150031
0.866667 0.3 0.0135881
0.883333 0.3 0.0121095
0.9 0.3 0.0105675
0.916667 0.3 0.00896244
0.933333 0.3 0.00729453
0.95 0.3 0.00556405
0.966667 0.3 0.00377128
0.983333 0.3 0.00191649
0.0166667 0.316667 0.00187238
0.0333333 0.316667 0.00368324
0.05 0.316667 0.00543235
0.0666667 0.316667 0.00711951
0.0833333 0.316667 0.00874451
0.1 0.316667 0.0103072
0.116667 0.316667 0.0118073
0.133333 0.316667 0.0132447
0.15 0.316667 0.0146192
0.166667 0.316667 0.0159307
0.183333 0.316667 0.017179
0.2 0.316667 0.0183639
0.216667 0.316667 0.0194854
0.233333 0.316667 0.0205433
0.25 0.316667 0.0215374
0.266667 0.316667 0.0224677
0.283333 0.316667 0.0233341
0.3 0.316667 0.0241364
0.316667 0.316667 0.0248746
0.333333 0.316667 0.0255486
0.35 0.316667 0.0261583
0.366667 0.316667 0.0267038
0.383333 0.316667 0.0271848
0.4 0.316667 0.0276014
0.416667 0.316667 0.0279535
0.433333 0.316667 0.0282412
0.45 0.316667 0.0284643
0.466667 0.316667 0.0286229
0.483333 0.316667 0.028717
0.5 0.316667 0.0287465
0.516667 0.316667 0.0287116
0.533333 0.316667 0.0286121
0.55 0.316667 0.0284482
0.566667 0.316667 0.0282199
0.583333 0.316667 0.0279272
0.6 0.316667 0.0275702
0.616667 0.316667 0.027149
0.633333 0.316667 0.0266636
0.65 0.316667 0.0261141
0.666667 0.316667 0.0255006
0.683333 0.316667 0.0248231
0.7 0.316667 0.0240819
0.716667 0.316667 0.023277
0.733333 0.316667 0.0224085
0.75 0.316667 0.0214766
0.766667 0.316667 0.0204814
0.783333 0.316667 0.019423
0.8 0.316667 0.0183017
0.816667 0.316667 0.0171175
0.833333 0.316667 0.0158707
0.85 0.316667 0.0145613
0.866667 0.316667 0.0131897
0.883333 0.316667 0.0117561
0.9 0.316667 0.0102605
0.916667 0.316667 0.00870324
0.933333 0.316667 0.00708455
0.95 0.316667 0.00540464
0.966667 0.316667 0.00366374
0.983333 0.316667 0.00186211
0.0166667 0.333333 0.00178861
0.0333333 0.333333 0.00351866
0.05 0.333333 0.00518995
0.0666667 0.333333 0.00680227
0.0833333 0.333333 0.00835542
0.1 0.333333 0.0098492
0.116667 0.333333 0.0112834
0.133333 0.333333 0.012658
0.15 0.333333 0.0139726
0.166667 0.333333 0.0152271
0.183333 0.333333 0.0164215
0.2 0.333333 0.0175555
0.216667 0.333333 0.018629
0.233333 0.333333 0.0196418
0.25 0.333333 0.020594
0.266667 0.333333 0.0214852
0.283333 0.333333 0.0223154
0.3 0.333333 0.0230846
0.316667 0.333333 0.0237926
0.333333 0.333333 0.0244393
0.35 0.333333 0.0250247
0.366667 0.333333 0.0255487
0.383333 0.333333 0.0260111
0.4 0.333333 0.026412
0.416667 0.333333 0.0267514
0.433333 0.333333 0.0270291
0.45 0.333333 0.0272451
0.466667 0.333333 0.0273995
0.483333 0.333333 0.0274921
0.5 0.333333 0.027523
0.516667 0.333333 0.0274922
0.533333 0.333333 0.0273996
0.55 0.333333 0.0272453
0.566667 0.333333 0.0270294
0.583333 0.333333 0.0267517
0.6 0.333333 0.0264124
0.616667 0.333333 0.0260116
0.633333 0.333333 0.0255491
0.65 0.333333 0.0250252
0.666667 0.333333 0.0244399
0.683333 0.333333 0.0237932
0.7 0.333333 0.0230853
0.716667 0.333333 0.0223161
0.733333 0.333333 0.0214859
0.75 0.333333 0.0205947
0.766667 0.333333 0.0196426
0.783333 0.333333 0.0186297
0.8 0.333333 0.0175562
0.816667 0.333333 0.0164222
0.833333 0.333333 0.0152278
0.85 0.333333 0.0139732
0.866667 0.333333 0.0126585
0.883333 0.333333 0.011284
0.9 0.333333 0.00984966
0.916667 0.333333 0.00835581
0.933333 0.333333 0.00680259
0.95 0.333333 0.0051902
0.966667 0.333333 0.00351883
0.983333 0.333333 0.00178869
0.0166667 0.35 0.00168711
0.0333333 0.35 0.00331921
0.05 0.35 0.00489609
0.0666667 0.35 0.00641755
0.0833333 0.35 0.00788339
0.1 0.35 0.00929343
0.116667 0.35 0.0106475
0.133333 0.35 0.0119454
0.15 0.35 0.0131869
0.166667 0.35 0.014372
0.183333 0.35 0.0155004
0.2 0.35 0.016572
0.216667 0.35 0.0175867
0.233333 0.35 0.0185443
0.25 0.35 0.0194447
0.266667 0.35 0.0202878
0.283333 0.35 0.0210734
0.3 0.35 0.0218015
0.316667 0.35 0.0224719
0.333333 0.35 0.0230846
0.35 0.35 0.0236395
0.366667 0.35 0.0241365
0.383333 0.35 0.0245754
0.4 0.35 0.0249563
0.416667 0.35 0.0252791
0.433333 0.35 0.0255438
0.45 0.35 0.0257502
0.466667 0.35 0.0258983
0.483333 0.35 0.0259882
0.5 0.35 0.0260198
0.516667 0.35 0.025993
0.533333 0.35 0.0259079
0.55 0.35 0.0257644
0.566667 0.35 0.0255626
0.583333 0.35 0.0253024
0.6 0.35 0.0249839
0.616667 0.35 0.0246071
0.633333 0.35 0.024172
0.65 0.35 0.0236786
0.666667 0.35 0.0231271
0.683333 0.35 0.0225174
0.7 0.35 0.0218496
0.716667 0.35 0.0211238
0.733333 0.35 0.02034
0.75 0.35 0.0194983
0.766667 0.35 0.0185989
0.783333 0.35 0.0176417
0.8 0.35 0.0166269
0.816667 0.35 0.0155546
0.833333 0.35 0.0144249
0.85 0.35 0.0132379
0.866667 0.35 0.0119937
0.883333 0.35 0.0106925
0.9 0.35 0.00933447
0.916667 0.35 0.00791965
0.933333 0.35 0.00644825
0.95 0.35 0.00492041
0.966667 0.35 0.00333631
0.983333 0.35 0.00169611
0.0166667 0.366667 0.00156802
0.0333333 0.366667 0.00308513
0.05 0.366667 0.00455111
0.0666667 0.366667 0.00596578
0.0833333 0.366667 0.00732895
0.1 0.366667 0.00864043
0.116667 0.366667 0.00990004
0.133333 0.366667 0.0111076
0.15 0.366667 0.012263
0.166667 0.366667 0.013366
0.183333 0.366667 0.0144165
0.2 0.366667 0.0154143
0.216667 0.366667 0.0163593
0.233333 0.366667 0.0172514
0.25 0.366667 0.0180904
0.266667 0.366667 0.0188762
0.283333 0.366667 0.0196087
0.3 0.366667 0.0202878
0.316667 0.366667 0.0209133
0.333333 0.366667 0.0214852
0.35 0.366667 0.0220034
0.366667 0.366667 0.0224678
0.383333 0.366667 0.0228783
0.4 0.366667 0.0232348
0.416667 0.366667 0.0235373
0.433333 0.366667 0.0237856
0.45 0.366667 0.0239798
0.466667 0.366667 0.0241198
0.483333 0.366667 0.0242056
0.5 0.366667 0.0242371
0.516667 0.366667 0.0242142
0.533333 0.366667 0.024137
0.55 0.366667 0.0240054
0.566667 0.366667 0.0238195
0.583333 0.366667 0.0235791
0.6 0.366667 0.0232844
0.616667 0.366667 0.0229353
0.633333 0.366667 0.0225318
0.65 0.366667 0.022074
0.666667 0.366667 0.0215618
0.683333 0.366667 0.0209953
0.7 0.366667 0.0203746
0.716667 0.366667 0.0196996
0.733333 0.366667 0.0189705
0.75 0.366667 0.0181872
0.766667 0.366667 0.0173499
0.783333 0.366667 0.0164586
0.8 0.366667 0.0155133
0.816667 0.366667 0.0145143
0.833333 0.366667 0.0134615
0.85 0.366667 0.012355
0.866667 0.366667 0.0111949
0.883333 0.366667 0.0099814
0.9 0.366667 0.00871454
0.916667 0.366667 0.00739444
0.933333 0.366667 0.00602124
0.95 0.366667 0.00459505
0.966667 0.366667 0.00311602
0.983333 0.366667 0.00158429
0.0166667 0.383333 0.00143147
0.0333333 0.383333 0.00281666
0.05 0.383333 0.00415537
0.0666667 0.383333 0.00544743
0.0833333 0.383333 0.00669263
0.1 0.383333 0.00789082
0.116667 0.383333 0.00904181
0.133333 0.383333 0.0101454
0.15 0.383333 0.0112016
0.166667 0.383333 0.01221
0.183333 0.383333 0.0131706
0.2 0.383333 0.0140833
0.216667 0.383333 0.0149478
0.233333 0.383333 0.0157641
0.25 0.383333 0.016532
0.266667 0.383333 0.0172514
0.283333 0.383333 0.0179223
0.3 0.383333 0.0185443
0.316667 0.383333 0.0191176
0.333333 0.383333 0.0196419
0.35 0.383333 0.0201172
0.366667 0.383333 0.0205434
0.383333 0.383333 0.0209203
0.4 0.383333 0.021248
0.416667 0.383333 0.0215263
0.433333 0.383333 0.0217552
0.45 0.383333 0.0219346
0.466667 0.383333 0.0220644
0.483333 0.383333 0.0221447
0.5 0.383333 0.0221752
0.516667 0.383333 0.0221561
0.533333 0.383333 0.0220873
0.55 0.383333 0.0219687
0.566667 0.383333 0.0218003
0.583333 0.383333 0.0215822
0.6 0.383333 0.0213142
0.616667 0.383333 0.0209964
0.633333 0.383333 0.0206287
0.65 0.383333 0.0202113
0.666667 0.383333 0.019744
0.683333 0.383333 0.0192269
0.7 0.383333 0.0186601
0.716667 0.383333 0.0180434
0.733333 0.383333 0.0173771
0.75 0.383333 0.0166611
0.766667 0.383333 0.0158954
0.783333 0.383333 0.0150801
0.8 0.383333 0.0142153
0.816667 0.383333 0.013301
0.833333 0.383333 0.0123373
0.85 0.383333 0.0113242
0.866667 0.383333 0.0102619
0.883333 0.383333 0.00915033
0.9 0.383333 0.00798968
0.916667 0.383333 0.00678
0.933333 0.383333 0.00552141
0.95 0.383333 0.004214
0.966667 0.383333 0.00285789
0.983333 0.383333 0.00145318
0.0166667 0.4 0.00127761
0.0333333 0.4 0.00251409
0.05 0.4 0.00370927
0.0666667 0.4 0.00486297
0.0833333 0.4 0.00597503
0.1 0.4 0.00704527
0.116667 0.4 0.00807352
0.133333 0.4 0.00905964
0.15 0.4 0.0100035
0.166667 0.4 0.0109049
0.183333 0.4 0.0117637
0.2 0.4 0.0125798
0.216667 0.4 0.013353
0.233333 0.4 0.0140833
0.25 0.4 0.0147704
0.266667 0.4 0.0154144
0.283333 0.4 0.0160149
0.3 0.4 0.0165721
0.316667 0.4 0.0170856
0.333333 0.4 0.0175556
0.35 0.4 0.0179817
0.366667 0.4 0.018364
0.383333 0.4 0.0187024
0.4 0.4 0.0189968
0.416667 0.4 0.0192471
0.433333 0.4 0.0194532
0.45 0.4 0.0196151
0.466667 0.4 0.0197327
0.483333 0.4 0.019806
0.5 0.4 0.0198349
0.516667 0.4 0.0198193
0.533333 0.4 0.0197593
0.55 0.4 0.0196547
0.566667 0.4 0.0195056
0.583333 0.4 0.0193118
0.6 0.4 0.0190735
0.616667 0.4 0.0187906
0.633333 0.4 0.018463
0.65 0.4 0.0180907
0.666667 0.4 0.0176739
0.683333 0.4 0.0172124
0.7 0.4 0.0167062
0.716667 0.4 0.0161554
0.733333 0.4 0.01556
0.75 0.4 0.01492
0.766667 0.4 0.0142355
0.783333 0.4 0.0135064
0.8 0.4 0.0127329
0.816667 0.4 0.0119149
0.833333 0.4 0.0110525
0.85 0.4 0.0101457
0.866667 0.4 0.00919463
0.883333 0.4 0.00819934
0.9 0.4 0.00715988
0.916667 0.4 0.00607633
0.933333 0.4 0.00494876
0.95 0.4 0.00377725
0.966667 0.4 0.00256189
0.983333 0.4 0.00130278
0.0166667 0.416667 0.00110658
0.0333333 0.416667 0.0021777
0.05 0.416667 0.00321322
0.0666667 0.416667 0.00421296
0.0833333 0.416667 0.00517676
0.1 0.416667 0.00610448
0.116667 0.416667 0.00699596
0.133333 0.416667 0.00785106
0.15 0.416667 0.00866963
0.166667 0.416667 0.00945155
0.183333 0.416667 0.0101967
0.2 0.416667 0.0109049
0.216667 0.416667 0.011576
0.233333 0.416667 0.01221
0.25 0.416667 0.0128067
0.266667 0.416667 0.013366
0.283333 0.416667 0.0138878
0.3 0.416667 0.014372
0.316667 0.416667 0.0148185
0.333333 0.416667 0.0152272
0.35 0.416667 0.015598
0.366667 0.416667 0.0159308
0.383333 0.416667 0.0162255
0.4 0.416667 0.0164821
0.416667 0.416667 0.0167005
0.433333 0.416667 0.0168806
0.45 0.416667 0.0170223
0.466667 0.416667 0.0171256
0.483333 0.416667 0.0171905
0.5 0.416667 0.0172168
0.516667 0.416667 0.0172045
0.533333 0.416667 0.0171536
0.55 0.416667 0.017064
0.566667 0.416667 0.0169358
0.583333 0.416667 0.0167688
0.6 0.416667 0.016563
0.616667 0.416667 0.0163185
0.633333 0.416667 0.0160351
0.65 0.416667 0.0157129
0.666667 0.416667 0.0153519
0.683333 0.416667 0.0149521
0.7 0.416667 0.0145134
0.716667 0.416667 0.0140359
0.733333 0.416667 0.0135196
0.75 0.416667 0.0129645
0.766667 0.416667 0.0123705
0.783333 0.416667 0.0117378
0.8 0.416667 0.0110663
0.816667 0.416667 0.0103561
0.833333 0.416667 0.00960715
0.85 0.416667 0.00881957
0.866667 0.416667 0.00799338
0.883333 0.416667 0.00712861
0.9 0.416667 0.00622532
0.916667 0.416667 0.00528357
0.933333 0.416667 0.0043034
0.95 0.416667 0.00328489
0.966667 0.416667 0.00222811
0.983333 0.416667 0.00113312
0.0166667 0.433333 0.000918548
0.0333333 0.433333 0.00180781
0.05 0.433333 0.00266766
0.0666667 0.433333 0.00349793
0.0833333 0.433333 0.00429849
0.1 0.433333 0.00506921
0.116667 0.433333 0.00580995
0.133333 0.433333 0.00652059
0.15 0.433333 0.007201
0.166667 0.433333 0.00785106
0.183333 0.433333 0.00847065
0.2 0.433333 0.00905966
0.216667 0.433333 0.00961797
0.233333 0.433333 0.0101455
0.25 0.433333 0.0106421
0.266667 0.433333 0.0111077
0.283333 0.433333 0.0115421
0.3 0.433333 0.0119454
0.316667 0.433333 0.0123174
0.333333 0.433333 0.012658
0.35 0.433333 0.0129672
0.366667 0.433333 0.0132448
0.383333 0.433333 0.0134908
0.4 0.433333 0.0137051
0.416667 0.433333 0.0138876
0.433333 0.433333 0.0140384
0.45 0.433333 0.0141572
0.466667 0.433333 0.0142441
0.483333 0.433333 0.014299
0.5 0.433333 0.0143218
0.516667 0.433333 0.0143126
0.533333 0.433333 0.0142712
0.55 0.433333 0.0141976
0.566667 0.433333 0.0140918
0.583333 0.433333 0.0139538
0.6 0.433333 0.0137835
0.616667 0.433333 0.0135809
0.633333 0.433333 0.0133459
0.65 0.433333 0.0130786
0.666667 0.433333 0.0127789
0.683333 0.433333 0.0124469
0.7 0.433333 0.0120825
0.716667 0.433333 0.0116857
0.733333 0.433333 0.0112565
0.75 0.433333 0.010795
0.766667 0.433333 0.010301
0.783333 0.433333 0.00977475
0.8 0.433333 0.00921612
0.816667 0.433333 0.00862516
0.833333 0.433333 0.0080019
0.85 0.433333 0.00734635
0.866667 0.433333 0.00665856
0.883333 0.433333 0.00593855
0.9 0.433333 0.00518636
0.916667 0.433333 0.00440203
0.933333 0.433333 0.00358561
0.95 0.433333 0.00273714
0.966667 0.433333 0.00185668
0.983333 0.433333 0.000944277
0.0166667 0.45 0.000713691
0.0333333 0.45 0.00140475
0.05 0.45 0.00207305
0.0666667 0.45 0.00271848
0.0833333 0.45 0.00334092
0.1 0.45 0.00394026
0.116667 0.45 0.0045164
0.133333 0.45 0.00506921
0.15 0.45 0.00559861
0.166667 0.45 0.00610448
0.183333 0.45 0.00658674
0.2 0.45 0.00704528
0.216667 0.45 0.00748001
0.233333 0.45 0.00789084
0.25 0.45 0.00827769
0.266667 0.45 0.00864047
0.283333 0.45 0.00897909
0.3 0.45 0.00929348
0.316667 0.45 0.00958356
0.333333 0.45 0.00984927
0.35 0.45 0.0100905
0.366667 0.45 0.0103073
0.383333 0.45 0.0104994
0.4 0.45 0.0106669
0.416667 0.45 0.0108097
0.433333 0.45 0.0109277
0.45 0.45 0.011021
0.466667 0.45 0.0110893
0.483333 0.45 0.0111328
0.5 0.45 0.0111513
0.516667 0.45 0.0111448
0.533333 0.45 0.0111132
0.55 0.45 0.0110566
0.566667 0.45 0.0109749
0.583333 0.45 0.010868
0.6 0.45 0.010736
0.616667 0.45 0.0105788
0.633333 0.45 0.0103964
0.65 0.45 0.0101887
0.666667 0.45 0.00995585
0.683333 0.45 0.00969771
0.7 0.45 0.00941431
0.716667 0.45 0.00910564
0.733333 0.45 0.00877169
0.75 0.45 0.00841247
0.766667 0.45 0.00802798
0.783333 0.45 0.00761822
0.8 0.45 0.0071832
0.816667 0.45 0.00672294
0.833333 0.45 0.00623744
0.85 0.45 0.00572673
0.866667 0.45 0.00519083
0.883333 0.45 0.00462975
0.9 0.45 0.00404353
0.916667 0.45 0.00343219
0.933333 0.45 0.00279577
0.95 0.45 0.0021343
0.966667 0.45 0.00144782
0.983333 0.45 0.00073637
0.0166667 0.466667 0.000492186
0.0333333 0.466667 0.000968846
0.05 0.466667 0.00142989
0.0666667 0.466667 0.00187523
0.0833333 0.466667 0.00230479
0.1 0.466667 0.00271848
0.116667 0.466667 0.00311622
0.133333 0.466667 0.00349793
0.15 0.466667 0.00386354
0.166667 0.466667 0.00421296
0.183333 0.466667 0.00454614
0.2 0.466667 0.00486299
0.216667 0.466667 0.00516345
0.233333 0.466667 0.00544745
0.25 0.466667 0.00571492
0.266667 0.466667 0.00596581
0.283333 0.466667 0.00620005
0.3 0.466667 0.00641759
0.316667 0.466667 0.00661836
0.333333 0.466667 0.00680232
0.35 0.466667 0.00696941
0.366667 0.466667 0.00711957
0.383333 0.466667 0.00725277
0.4 0.466667 0.00736895
0.416667 0.466667 0.00746807
0.433333 0.466667 0.00755009
0.45 0.466667 0.00761497
0.466667 0.466667 0.00766267
0.483333 0.466667 0.00769315
0.5 0.466667 0.00770638
0.516667 0.466667 0.00770233
0.533333 0.466667 0.00768096
0.55 0.466667 0.00764226
0.566667 0.466667 0.00758619
0.583333 0.466667 0.00751273
0.6 0.466667 0.00742187
0.616667 0.466667 0.00731357
0.633333 0.466667 0.00718783
0.65 0.466667 0.00704462
0.666667 0.466667 0.00688394
0.683333 0.466667 0.00670578
0.7 0.466667 0.00651012
0.716667 0.466667 0.00629697
0.733333 0.466667 0.0060663
0.75 0.466667 0.00581814
0.766667 0.466667 0.00555246
0.783333 0.466667 0.00526929
0.8 0.466667 0.00496861
0.816667 0.466667 0.00465044
0.833333 0.466667 0.00431478
0.85 0.466667 0.00396165
0.866667 0.466667 0.00359106
0.883333 0.466667 0.00320302
0.9 0.466667 0.00279756
0.916667 0.466667 0.00237468
0.933333 0.466667 0.00193442
0.95 0.466667 0.00147679
0.966667 0.466667 0.00100183
0.983333 0.466667 0.000509552
0.0166667 0.483333 0.000254223
0.0333333 0.483333 0.000500471
0.05 0.483333 0.000738694
0.0666667 0.483333 0.000968846
0.0833333 0.483333 0.00119088
0.1 0.483333 0.00140475
0.116667 0.483333 0.00161041
0.133333 0.483333 0.00180782
0.15 0.483333 0.00199693
0.166667 0.483333 0.00217771
0.183333 0.483333 0.00235011
0.2 0.483333 0.0025141
0.216667 0.483333 0.00266963
0.233333 0.483333 0.00281667
0.25 0.483333 0.00295519
0.266667 0.483333 0.00308514
0.283333 0.483333 0.0032065
0.3 0.483333 0.00331923
0.316667 0.483333 0.00342331
0.333333 0.483333 0.00351869
0.35 0.483333 0.00360535
0.366667 0.483333 0.00368327
0.383333 0.483333 0.00375242
0.4 0.483333 0.00381276
0.416667 0.483333 0.00386428
0.433333 0.483333 0.00390695
0.45 0.483333 0.00394075
0.466667 0.483333 0.00396566
0.483333 0.483333 0.00398165
0.5 0.483333 0.00398872
0.516667 0.483333 0.00398683
0.533333 0.483333 0.00397598
0.55 0.483333 0.00395614
0.566667 0.483333 0.00392731
0.583333 0.483333 0.00388947
0.6 0.483333 0.00384261
0.616667 0.483333 0.00378671
0.633333 0.483333 0.00372177
0.65 0.483333 0.00364778
0.666667 0.483333 0.00356473
0.683333 0.483333 0.00347262
0.7 0.483333 0.00337143
0.716667 0.483333 0.00326117
0.733333 0.483333 0.00314183
0.75 0.483333 0.00301341
0.766667 0.483333 0.00287591
0.783333 0.483333 0.00272933
0.8 0.483333 0.00257367
0.816667 0.483333 0.00240894
0.833333 0.483333 0.00223514
0.85 0.483333 0.00205227
0.866667 0.483333 0.00186035
0.883333 0.483333 0.00165937
0.9 0.483333 0.00144935
0.916667 0.483333 0.0012303
0.933333 0.483333 0.00100223
0.95 0.483333 0.000765146
0.966667 0.483333 0.000519072
0.983333 0.483333 0.000264017
