0.02 0.02 0.000376293
0.04 0.02 0.000737093
0.06 0.02 0.00108228
0.08 0.02 0.00141173
0.1 0.02 0.00172535
0.12 0.02 0.00202304
0.14 0.02 0.00230474
0.16 0.02 0.00257036
0.18 0.02 0.00281987
0.2 0.02 0.0030532
0.22 0.02 0.00327033
0.24 0.02 0.00347124
0.26 0.02 0.00365592
0.28 0.02 0.00382437
0.3 0.02 0.0039766
0.32 0.02 0.00411264
0.34 0.02 0.00423253
0.36 0.02 0.0043363
0.38 0.02 0.00442403
0.4 0.02 0.00449578
0.42 0.02 0.00455163
0.44 0.02 0.00459168
0.46 0.02 0.00461602
0.48 0.02 0.00462478
0.5 0.02 0.00461807
0.52 0.02 0.00459604
0.54 0.02 0.00455883
0.56 0.02 0.00450659
0.58 0.02 0.0044395
0.6 0.02 0.00435774
0.62 0.02 0.00426148
0.64 0.02 0.00415094
0.66 0.02 0.00402631
0.68 0.02 0.00388781
0.7 0.02 0.00373568
0.72 0.02 0.00357015
0.74 0.02 0.00339147
0.76 0.02 0.00319989
0.78 0.02 0.00299568
0.8 0.02 0.00277911
0.82 0.02 0.00255047
0.84 0.02 0.00231004
0.86 0.02 0.00205813
0.88 0.02 0.00179504
0.9 0.02 0.00152109
0.92 0.02 0.0012366
0.94 0.02 0.000941903
0.96 0.02 0.00063734
0.98 0.02 0.000323254
0.02 0.04 0.000721093
0.04 0.04 0.00141253
0.06 0.04 0.00207409
0.08 0.04 0.00270557
0.1 0.04 0.00330679
0.12 0.04 0.0038776
0.14 0.04 0.00441785
0.16 0.04 0.00492742
0.18 0.04 0.00540622
0.2 0.04 0.00585416
0.22 0.04 0.00627119
0.24 0.04 0.00665727
0.26 0.04 0.00701237
0.28 0.04 0.00733652
0.3 0.04 0.00762972
0.32 0.04 0.00789202
0.34 0.04 0.00812348
0.36 0.04 0.00832418
0.38 0.04 0.00849423
0.4 0.04 0.00863375
0.42 0.04 0.00874288
0.44 0.04 0.00882179
0.46 0.04 0.00887065
0.48 0.04 0.00888967
0.5 0.04 0.00887906
0.52 0.04 0.00883906
0.54 0.04 0.00876994
0.56 0.04 0.00867196
0.58 0.04 0.00854543
0.6 0.04 0.00839066
0.62 0.04 0.00820797
0.64 0.04 0.00799772
0.66 0.04 0.00776028
0.68 0.04 0.00749602
0.7 0.04 0.00720536
0.72 0.04 0.00688871
0.74 0.04 0.00654651
0.76 0.04 0.00617921
0.78 0.04 0.00578728
0.8 0.04 0.0053712
0.82 0.04 0.00493148
0.84 0.04 0.00446862
0.86 0.04 0.00398318
0.88 0.04 0.00347568
0.9 0.04 0.00294669
0.92 0.04 0.00239678
0.94 0.04 0.00182655
0.96 0.04 0.0012366
0.98 0.04 0.000627537
0.02 0.06 0.00103429
0.04 0.06 0.00202609
0.06 0.06 0.00297512
0.08 0.06 0.00388111
0.1 0.06 0.00474382
0.12 0.06 0.00556304
0.14 0.06 0.00633858
0.16 0.06 0.00707029
0.18 0.06 0.00775803
0.2 0.06 0.00840169
0.22 0.06 0.00900121
0.24 0.06 0.00955651
0.26 0.06 0.0100676
0.28 0.06 0.0105344
0.3 0.06 0.0109571
0.32 0.06 0.0113356
0.34 0.06 0.01167
0.36 0.06 0.0119605
0.38 0.06 0.0122071
0.4 0.06 0.0124101
0.42 0.06 0.0125696
0.44 0.06 0.0126858
0.46 0.06 0.0127589
0.48 0.06 0.0127893
0.5 0.06 0.0127773
0.52 0.06 0.012723
0.54 0.06 0.0126269
0.56 0.06 0.0124893
0.58 0.06 0.0123106
0.6 0.06 0.0120913
0.62 0.06 0.0118317
0.64 0.06 0.0115323
0.66 0.06 0.0111937
0.68 0.06 0.0108162
0.7 0.06 0.0104005
0.72 0.06 0.00994702
0.74 0.06 0.00945644
0.76 0.06 0.00892933
0.78 0.06 0.00836629
0.8 0.06 0.00776797
0.82 0.06 0.00713504
0.84 0.06 0.00646817
0.86 0.06 0.00576806
0.88 0.06 0.00503545
0.9 0.06 0.00427106
0.92 0.06 0.00347568
0.94 0.06 0.00265007
0.96 0.06 0.00179504
0.98 0.06 0.000911402
0.02 0.08 0.00131578
0.04 0.08 0.0025776
0.06 0.08 0.00378511
0.08 0.08 0.004938
0.1 0.08 0.00603599
0.12 0.08 0.00707884
0.14 0.08 0.00806631
0.16 0.08 0.00899823
0.18 0.08 0.00987443
0.2 0.08 0.0106948
0.22 0.08 0.0114592
0.24 0.08 0.0121676
0.26 0.08 0.01282
0.28 0.08 0.0134163
0.3 0.08 0.0139566
0.32 0.08 0.014441
0.34 0.08 0.0148695
0.36 0.08 0.0152423
0.38 0.08 0.0155595
0.4 0.08 0.0158212
0.42 0.08 0.0160278
0.44 0.08 0.0161794
0.46 0.08 0.0162763
0.48 0.08 0.0163188
0.5 0.08 0.0163073
0.52 0.08 0.0162421
0.54 0.08 0.0161236
0.56 0.08 0.0159522
0.58 0.08 0.0157284
0.6 0.08 0.0154526
0.62 0.08 0.0151253
0.64 0.08 0.0147471
0.66 0.08 0.0143186
0.68 0.08 0.0138403
0.7 0.08 0.0133128
0.72 0.08 0.0127369
0.74 0.08 0.012113
0.76 0.08 0.011442
0.78 0.08 0.0107246
0.8 0.08 0.00996155
0.82 0.08 0.00915355
0.84 0.08 0.00830144
0.86 0.08 0.00740603
0.88 0.08 0.00646818
0.9 0.08 0.00548875
0.92 0.08 0.00446864
0.94 0.08 0.00340876
0.96 0.08 0.00231004
0.98 0.08 0.00117347
0.02 0.1 0.00156551
0.04 0.1 0.00306692
0.06 0.1 0.00450387
0.08 0.1 0.005876
0.1 0.1 0.007183
0.12 0.1 0.0084246
0.14 0.1 0.00960055
0.16 0.1 0.0107106
0.18 0.1 0.0117547
0.2 0.1 0.0127326
0.22 0.1 0.0136442
0.24 0.1 0.0144894
0.26 0.1 0.0152682
0.28 0.1 0.0159806
0.3 0.1 0.0166266
0.32 0.1 0.0172063
0.34 0.1 0.0177197
0.36 0.1 0.018167
0.38 0.1 0.0185484
0.4 0.1 0.0188639
0.42 0.1 0.019114
0.44 0.1 0.0192987
0.46 0.1 0.0194185
0.48 0.1 0.0194735
0.5 0.1 0.0194643
0.52 0.1 0.0193911
0.54 0.1 0.0192544
0.56 0.1 0.0190546
0.58 0.1 0.0187923
0.6 0.1 0.0184679
0.62 0.1 0.0180819
0.64 0.1 0.017635
0.66 0.1 0.0171278
0.68 0.1 0.0165608
0.7 0.1 0.0159348
0.72 0.1 0.0152505
0.74 0.1 0.0145085
0.76 0.1 0.0137096
0.78 0.1 0.0128547
0.8 0.1 0.0119445
0.82 0.1 0.0109798
0.84 0.1 0.00996158
0.86 0.1 0.00889067
0.88 0.1 0.00776801
0.9 0.1 0.00659454
0.92 0.1 0.00537123
0.94 0.1 0.00409908
0.96 0.1 0.00277913
0.98 0.1 0.00141241
0.02 0.12 0.00178343
0.04 0.12 0.00349398
0.06 0.12 0.00513127
0.08 0.12 0.00669492
0.1 0.12 0.0081846
0.12 0.12 0.00960002
0.14 0.12 0.0109409
0.16 0.12 0.0122071
0.18 0.12 0.0133983
0.2 0.12 0.0145144
0.22 0.12 0.0155552
0.24 0.12 0.0165208
0.26 0.12 0.017411
0.28 0.12 0.0182258
0.3 0.12 0.0189653
0.32 0.12 0.0196295
0.34 0.12 0.0202184
0.36 0.12 0.0207322
0.38 0.12 0.0211711
0.4 0.12 0.0215352
0.42 0.12 0.0218248
0.44 0.12 0.0220402
0.46 0.12 0.0221815
0.48 0.12 0.0222492
0.5 0.12 0.0222436
0.52 0.12 0.0221651
0.54 0.12 0.0220141
0.56 0.12 0.0217911
0.58 0.12 0.0214966
0.6 0.12 0.021131
0.62 0.12 0.0206951
0.64 0.12 0.0201893
0.66 0.12 0.0196143
0.68 0.12 0.0189707
0.7 0.12 0.0182592
0.72 0.12 0.0174805
0.74 0.12 0.0166355
0.76 0.12 0.0157248
0.78 0.12 0.0147492
0.8 0.12 0.0137097
0.82 0.12 0.012607
0.84 0.12 0.0114421
0.86 0.12 0.0102159
0.88 0.12 0.0089294
0.9 0.12 0.00758351
0.92 0.12 0.00617927
0.94 0.12 0.00471771
0.96 0.12 0.00319992
0.98 0.12 0.00162697
0.02 0.14 0.00196952
0.04 0.14 0.00385874
0.06 0.14 0.00566726
0.08 0.14 0.00739468
0.1 0.14 0.00904067
0.12 0.14 0.0106049
0.14 0.14 0.0120872
0.16 0.14 0.0134872
0.18 0.14 0.0148047
0.2 0.14 0.0160396
0.22 0.14 0.0171918
0.24 0.14 0.0182611
0.26 0.14 0.0192475
0.28 0.14 0.0201509
0.3 0.14 0.0209714
0.32 0.14 0.021709
0.34 0.14 0.0223638
0.36 0.14 0.0229359
0.38 0.14 0.0234254
0.4 0.14 0.0238325
0.42 0.14 0.0241574
0.44 0.14 0.0244004
0.46 0.14 0.0245618
0.48 0.14 0.0246419
0.5 0.14 0.0246409
0.52 0.14 0.0245594
0.54 0.14 0.0243977
0.56 0.14 0.0241563
0.58 0.14 0.0238357
0.6 0.14 0.0234363
0.62 0.14 0.0229588
0.64 0.14 0.0224037
0.66 0.14 0.0217716
0.68 0.14 0.0210632
0.7 0.14 0.0202792
0.72 0.14 0.0194203
0.74 0.14 0.0184871
0.76 0.14 0.0174806
0.78 0.14 0.0164015
0.8 0.14 0.0152506
0.82 0.14 0.0140288
0.84 0.14 0.012737
0.86 0.14 0.0113761
0.88 0.14 0.00994714
0.9 0.14 0.00845103
0.92 0.14 0.0068888
0.94 0.14 0.0052615
0.96 0.14 0.0035702
0.98 0.14 0.00181599
0.02 0.16 0.0021238
0.04 0.16 0.00416121
0.06 0.16 0.00611183
0.08 0.16 0.00797527
0.1 0.16 0.00975118
0.12 0.16 0.0114393
0.14 0.16 0.0130392
0.16 0.16 0.0145508
0.18 0.16 0.0159738
0.2 0.16 0.017308
0.22 0.16 0.0185533
0.24 0.16 0.0197096
0.26 0.16 0.0207768
0.28 0.16 0.0217549
0.3 0.16 0.0226438
0.32 0.16 0.0234436
0.34 0.16 0.0241543
0.36 0.16 0.0247761
0.38 0.16 0.0253091
0.4 0.16 0.0257533
0.42 0.16 0.0261091
0.44 0.16 0.0263766
0.46 0.16 0.0265562
0.48 0.16 0.0266481
0.5 0.16 0.0266525
0.52 0.16 0.02657
0.54 0.16 0.0264009
0.56 0.16 0.0261457
0.58 0.16 0.0258047
0.6 0.16 0.0253784
0.62 0.16 0.0248675
0.64 0.16 0.0242725
0.66 0.16 0.0235939
0.68 0.16 0.0228324
0.7 0.16 0.0219887
0.72 0.16 0.0210633
0.74 0.16 0.0200571
0.76 0.16 0.0189708
0.78 0.16 0.0178052
0.8 0.16 0.016561
0.82 0.16 0.0152392
0.84 0.16 0.0138405
0.86 0.16 0.0123659
0.88 0.16 0.0108164
0.9 0.16 0.00919278
0.92 0.16 0.00749616
0.94 0.16 0.00572751
0.96 0.16 0.00388788
0.98 0.16 0.00197834
0.02 0.18 0.00224628
0.04 0.18 0.00440144
0.06 0.18 0.00646506
0.08 0.18 0.00843677
0.1 0.18 0.0103162
0.12 0.18 0.012103
0.14 0.18 0.013797
0.16 0.18 0.0153978
0.18 0.18 0.0169053
0.2 0.18 0.0183192
0.22 0.18 0.0196395
0.24 0.18 0.0208659
0.26 0.18 0.0219984
0.28 0.18 0.0230369
0.3 0.18 0.0239815
0.32 0.18 0.024832
0.34 0.18 0.0255887
0.36 0.18 0.0262514
0.38 0.18 0.0268203
0.4 0.18 0.0272957
0.42 0.18 0.0276775
0.44 0.18 0.0279662
0.46 0.18 0.0281617
0.48 0.18 0.0282646
0.5 0.18 0.0282749
0.52 0.18 0.0281932
0.54 0.18 0.0280196
0.56 0.18 0.0277547
0.58 0.18 0.0273989
0.6 0.18 0.0269526
0.62 0.18 0.0264162
0.64 0.18 0.0257904
0.66 0.18 0.0250757
0.68 0.18 0.0242726
0.7 0.18 0.0233818
0.72 0.18 0.0224039
0.74 0.18 0.0213396
0.76 0.18 0.0201896
0.78 0.18 0.0189545
0.8 0.18 0.0176353
0.82 0.18 0.0162327
0.84 0.18 0.0147474
0.86 0.18 0.0131804
0.88 0.18 0.0115326
0.9 0.18 0.00980475
0.92 0.18 0.0079979
0.94 0.18 0.006113
0.96 0.18 0.00415103
0.98 0.18 0.00211301
0.02 0.2 0.00233703
0.04 0.2 0.00457953
0.06 0.2 0.00672709
0.08 0.2 0.00877933
0.1 0.2 0.0107359
0.12 0.2 0.0125964
0.14 0.2 0.0143607
0.16 0.2 0.0160284
0.18 0.2 0.0175994
0.2 0.2 0.0190734
0.22 0.2 0.0204502
0.24 0.2 0.0217298
0.26 0.2 0.0229119
0.28 0.2 0.0239966
0.3 0.2 0.0249838
0.32 0.2 0.0258735
0.34 0.2 0.0266657
0.36 0.2 0.0273604
0.38 0.2 0.0279577
0.4 0.2 0.0284578
0.42 0.2 0.0288607
0.44 0.2 0.0291667
0.46 0.2 0.0293759
0.48 0.2 0.0294886
0.5 0.2 0.029505
0.52 0.2 0.0294255
0.54 0.2 0.0292503
0.56 0.2 0.0289797
0.58 0.2 0.0286143
0.6 0.2 0.0281543
0.62 0.2 0.0276003
0.64 0.2 0.0269527
0.66 0.2 0.026212
0.68 0.2 0.0253787
0.7 0.2 0.0244534
0.72 0.2 0.0234366
0.74 0.2 0.0223291
0.76 0.2 0.0211314
0.78 0.2 0.0198442
0.8 0.2 0.0184683
0.82 0.2 0.0170043
0.84 0.2 0.0154529
0.86 0.2 0.0138151
0.88 0.2 0.0120916
0.9 0.2 0.0102832
0.92 0.2 0.00839089
0.94 0.2 0.00641545
0.96 0.2 0.00435785
0.98 0.2 0.00221904
0.02 0.22 0.00239613
0.04 0.22 0.00469563
0.06 0.22 0.00689811
0.08 0.22 0.00900318
0.1 0.22 0.0110105
0.12 0.22 0.0129197
0.14 0.22 0.0147306
0.16 0.22 0.0164428
0.18 0.22 0.0180562
0.2 0.22 0.0195705
0.22 0.22 0.0209855
0.24 0.22 0.0223011
0.26 0.22 0.0235172
0.28 0.22 0.0246336
0.3 0.22 0.0256503
0.32 0.22 0.0265673
0.34 0.22 0.0273846
0.36 0.22 0.0281021
0.38 0.22 0.02872
0.4 0.22 0.0292382
0.42 0.22 0.029657
0.44 0.22 0.0299764
0.46 0.22 0.0301966
0.48 0.22 0.0303177
0.5 0.22 0.0303401
0.52 0.22 0.030264
0.54 0.22 0.0300896
0.56 0.22 0.0298172
0.58 0.22 0.0294472
0.6 0.22 0.0289799
0.62 0.22 0.0284157
0.64 0.22 0.027755
0.66 0.22 0.0269983
0.68 0.22 0.026146
0.7 0.22 0.0251987
0.72 0.22 0.0241568
0.74 0.22 0.0230209
0.76 0.22 0.0217916
0.78 0.22 0.0204694
0.8 0.22 0.0190551
0.82 0.22 0.0175493
0.84 0.22 0.0159527
0.86 0.22 0.0142659
0.88 0.22 0.0124897
0.9 0.22 0.0106249
0.92 0.22 0.00867224
0.94 0.22 0.00663258
0.96 0.22 0.00450674
0.98 0.22 0.00229558
0.02 0.24 0.00242367
0.04 0.24 0.00474993
0.06 0.24 0.00697838
0.08 0.24 0.00910866
0.1 0.24 0.0111404
0.12 0.24 0.0130733
0.14 0.24 0.0149071
0.16 0.24 0.0166414
0.18 0.24 0.0182761
0.2 0.24 0.0198109
0.22 0.24 0.0212456
0.24 0.24 0.02258
0.26 0.24 0.0238141
0.28 0.24 0.0249477
0.3 0.24 0.0259807
0.32 0.24 0.0269131
0.34 0.24 0.0277448
0.36 0.24 0.0284758
0.38 0.24 0.0291061
0.4 0.24 0.0296358
0.42 0.24 0.0300649
0.44 0.24 0.0303935
0.46 0.24 0.0306218
0.48 0.24 0.0307499
0.5 0.24 0.030778
0.52 0.24 0.0307062
0.54 0.24 0.0305349
0.56 0.24 0.0302641
0.58 0.24 0.0298943
0.6 0.24 0.0294257
0.62 0.24 0.0288587
0.64 0.24 0.0281935
0.66 0.24 0.0274307
0.68 0.24 0.0265705
0.7 0.24 0.0256135
0.72 0.24 0.02456
0.74 0.24 0.0234105
0.76 0.24 0.0221657
0.78 0.24 0.0208259
0.8 0.24 0.0193917
0.82 0.24 0.0178638
0.84 0.24 0.0162427
0.86 0.24 0.014529
0.88 0.24 0.0127234
0.9 0.24 0.0108267
0.92 0.24 0.00883939
0.94 0.24 0.00676232
0.96 0.24 0.00459621
0.98 0.24 0.00234184
0.02 0.26 0.00241978
0.04 0.26 0.00474266
0.06 0.26 0.00696824
0.08 0.26 0.00909616
0.1 0.26 0.0111261
0.12 0.26 0.0130576
0.14 0.26 0.0148906
0.16 0.26 0.0166246
0.18 0.26 0.0182595
0.2 0.26 0.019795
0.22 0.26 0.0212308
0.24 0.26 0.0225669
0.26 0.26 0.0238031
0.28 0.26 0.0249392
0.3 0.26 0.0259751
0.32 0.26 0.0269107
0.34 0.26 0.027746
0.36 0.26 0.028481
0.38 0.26 0.0291155
0.4 0.26 0.0296497
0.42 0.26 0.0300835
0.44 0.26 0.030417
0.46 0.26 0.0306503
0.48 0.26 0.0307835
0.5 0.26 0.0308167
0.52 0.26 0.0307501
0.54 0.26 0.0305838
0.56 0.26 0.030318
0.58 0.26 0.029953
0.6 0.26 0.029489
0.62 0.26 0.0289262
0.64 0.26 0.0282651
0.66 0.26 0.0275057
0.68 0.26 0.0266486
0.7 0.26 0.0256941
0.72 0.26 0.0246425
0.74 0.26 0.0234943
0.76 0.26 0.0222499
0.78 0.26 0.0209097
0.8 0.26 0.0194742
0.82 0.26 0.017944
0.84 0.26 0.0163195
0.86 0.26 0.0146012
0.88 0.26 0.0127899
0.9 0.26 0.0108859
0.92 0.26 0.00889003
0.94 0.26 0.00680283
0.96 0.26 0.00462497
0.98 0.26 0.00235712
0.02 0.28 0.00238462
0.04 0.28 0.0046741
0.06 0.28 0.00686808
0.08 0.28 0.00896617
0.1 0.28 0.010968
0.12 0.28 0.0128734
0.14 0.28 0.0146818
0.16 0.28 0.0163932
0.18 0.28 0.0180071
0.2 0.28 0.0195234
0.22 0.28 0.0209419
0.24 0.28 0.0222623
0.26 0.28 0.0234845
0.28 0.28 0.0246083
0.3 0.28 0.0256336
0.32 0.28 0.0265603
0.34 0.28 0.0273882
0.36 0.28 0.0281174
0.38 0.28 0.0287478
0.4 0.28 0.0292793
0.42 0.28 0.029712
0.44 0.28 0.0300458
0.46 0.28 0.0302808
0.48 0.28 0.0304171
0.5 0.28 0.0304547
0.52 0.28 0.0303938
0.54 0.28 0.0302344
0.56 0.28 0.0299767
0.58 0.28 0.0296209
0.6 0.28 0.0291672
0.62 0.28 0.0286157
0.64 0.28 0.0279668
0.66 0.28 0.0272205
0.68 0.28 0.0263773
0.7 0.28 0.0254375
0.72 0.28 0.0244012
0.74 0.28 0.0232689
0.76 0.28 0.0220409
0.78 0.28 0.0207177
0.8 0.28 0.0192995
0.82 0.28 0.0177868
0.84 0.28 0.0161801
0.86 0.28 0.0144798
0.88 0.28 0.0126863
0.9 0.28 0.0108003
0.92 0.28 0.00882219
0.94 0.28 0.00675253
0.96 0.28 0.00459189
0.98 0.28 0.00234084
0.02 0.3 0.00231835
0.04 0.3 0.00454459
0.06 0.3 0.00667834
0.08 0.3 0.00871924
0.1 0.3 0.010667
0.12 0.3 0.0125211
0.14 0.3 0.0142815
0.16 0.3 0.0159478
0.18 0.3 0.0175197
0.2 0.3 0.018997
0.22 0.3 0.0203794
0.24 0.3 0.0216667
0.26 0.3 0.0228589
0.28 0.3 0.0239555
0.3 0.3 0.0249567
0.32 0.3 0.0258621
0.34 0.3 0.0266716
0.36 0.3 0.0273853
0.38 0.3 0.0280029
0.4 0.3 0.0285245
0.42 0.3 0.02895
0.44 0.3 0.0292794
0.46 0.3 0.0295127
0.48 0.3 0.0296499
0.5 0.3 0.029691
0.52 0.3 0.0296361
0.54 0.3 0.0294853
0.56 0.3 0.0292387
0.58 0.3 0.0288963
0.6 0.3 0.0284584
0.62 0.3 0.027925
0.64 0.3 0.0272964
0.66 0.3 0.0265727
0.68 0.3 0.0257541
0.7 0.3 0.0248409
0.72 0.3 0.0238333
0.74 0.3 0.0227316
0.76 0.3 0.0215361
0.78 0.3 0.020247
0.8 0.3 0.0188647
0.82 0.3 0.0173896
0.84 0.3 0.015822
0.86 0.3 0.0141622
0.88 0.3 0.0124107
0.9 0.3 0.0105679
0.92 0.3 0.00863418
0.94 0.3 0.00661007
0.96 0.3 0.004496
0.98 0.3 0.00229248
0.02 0.32 0.00222118
0.04 0.32 0.00435449
0.06 0.32 0.00639956
0.08 0.32 0.00835604
0.1 0.32 0.0102236
0.12 0.32 0.0120019
0.14 0.32 0.0136906
0.16 0.32 0.0152894
0.18 0.32 0.0167982
0.2 0.32 0.0182166
0.22 0.32 0.0195443
0.24 0.32 0.0207812
0.26 0.32 0.0219271
0.28 0.32 0.0229817
0.3 0.32 0.023945
0.32 0.32 0.0248167
0.34 0.32 0.0255967
0.36 0.32 0.0262848
0.38 0.32 0.0268811
0.4 0.32 0.0273854
0.42 0.32 0.0277976
0.44 0.32 0.0281176
0.46 0.32 0.0283455
0.48 0.32 0.0284813
0.5 0.32 0.0285248
0.52 0.32 0.0284762
0.54 0.32 0.0283355
0.56 0.32 0.0281026
0.58 0.32 0.0277778
0.6 0.32 0.027361
0.62 0.32 0.0268524
0.64 0.32 0.0262521
0.66 0.32 0.0255602
0.68 0.32 0.0247769
0.7 0.32 0.0239024
0.72 0.32 0.0229368
0.74 0.32 0.0218803
0.76 0.32 0.0207331
0.78 0.32 0.0194956
0.8 0.32 0.0181678
0.82 0.32 0.0167502
0.84 0.32 0.0152431
0.86 0.32 0.0136466
0.88 0.32 0.0119611
0.9 0.32 0.010187
0.92 0.32 0.00832463
0.94 0.32 0.00637434
0.96 0.32 0.00433653
0.98 0.32 0.00221161
0.02 0.34 0.00209333
0.04 0.34 0.00410422
0.06 0.34 0.00603231
0.08 0.34 0.00787727
0.1 0.34 0.00963874
0.12 0.34 0.0113164
0.14 0.34 0.01291
0.16 0.34 0.0144192
0.18 0.34 0.0158437
0.2 0.34 0.0171833
0.22 0.34 0.0184378
0.24 0.34 0.0196068
0.26 0.34 0.0206902
0.28 0.34 0.0216879
0.3 0.34 0.0225995
0.32 0.34 0.0234249
0.34 0.34 0.0241641
0.36 0.34 0.0248167
0.38 0.34 0.0253828
0.4 0.34 0.0258622
0.42 0.34 0.0262548
0.44 0.34 0.0265605
0.46 0.34 0.0267793
0.48 0.34 0.0269111
0.5 0.34 0.0269559
0.52 0.34 0.0269136
0.54 0.34 0.0267843
0.56 0.34 0.0265679
0.58 0.34 0.0262645
0.6 0.34 0.0258742
0.62 0.34 0.0253969
0.64 0.34 0.0248328
0.66 0.34 0.024182
0.68 0.34 0.0234444
0.7 0.34 0.0226204
0.72 0.34 0.0217099
0.74 0.34 0.0207132
0.76 0.34 0.0196304
0.78 0.34 0.0184616
0.8 0.34 0.0172071
0.82 0.34 0.0158671
0.84 0.34 0.0144418
0.86 0.34 0.0129314
0.88 0.34 0.0113362
0.9 0.34 0.00965647
0.92 0.34 0.00789247
0.94 0.34 0.0060445
0.96 0.34 0.00411287
0.98 0.34 0.00209793
0.02 0.36 0.00193503
0.04 0.36 0.00379423
0.06 0.36 0.00557725
0.08 0.36 0.00728374
0.1 0.36 0.00891339
0.12 0.36 0.0104659
0.14 0.36 0.0119409
0.16 0.36 0.0133382
0.18 0.36 0.0146575
0.2 0.36 0.0158985
0.22 0.36 0.017061
0.24 0.36 0.0181447
0.26 0.36 0.0191495
0.28 0.36 0.0200751
0.3 0.36 0.0209213
0.32 0.36 0.0216879
0.34 0.36 0.0223748
0.36 0.36 0.0229819
0.38 0.36 0.0235089
0.4 0.36 0.0239557
0.42 0.36 0.0243223
0.44 0.36 0.0246086
0.46 0.36 0.0248143
0.48 0.36 0.0249396
0.5 0.36 0.0249842
0.52 0.36 0.0249482
0.54 0.36 0.0248316
0.56 0.36 0.0246342
0.58 0.36 0.0243561
0.6 0.36 0.0239973
0.62 0.36 0.0235579
0.64 0.36 0.0230377
0.66 0.36 0.022437
0.68 0.36 0.0217557
0.7 0.36 0.020994
0.72 0.36 0.0201518
0.74 0.36 0.0192294
0.76 0.36 0.0182267
0.78 0.36 0.017144
0.8 0.36 0.0159814
0.82 0.36 0.0147391
0.84 0.36 0.0134171
0.86 0.36 0.0120157
0.88 0.36 0.0105351
0.9 0.36 0.00897541
0.92 0.36 0.00733696
0.94 0.36 0.00561994
0.96 0.36 0.0038246
0.98 0.36 0.00195119
0.02 0.38 0.00174657
0.04 0.38 0.00342503
0.06 0.38 0.00503507
0.08 0.38 0.00657635
0.1 0.38 0.00804856
0.12 0.38 0.00945141
0.14 0.38 0.0107846
0.16 0.38 0.0120479
0.18 0.38 0.0132409
0.2 0.38 0.0143635
0.22 0.38 0.0154154
0.24 0.38 0.0163964
0.26 0.38 0.0173063
0.28 0.38 0.0181448
0.3 0.38 0.0189117
0.32 0.38 0.0196069
0.34 0.38 0.0202302
0.36 0.38 0.0207814
0.38 0.38 0.0212604
0.4 0.38 0.021667
0.42 0.38 0.0220011
0.44 0.38 0.0222626
0.46 0.38 0.0224514
0.48 0.38 0.0225673
0.5 0.38 0.0226104
0.52 0.38 0.0225805
0.54 0.38 0.0224776
0.56 0.38 0.0223017
0.58 0.38 0.0220526
0.6 0.38 0.0217304
0.62 0.38 0.0213351
0.64 0.38 0.0208667
0.66 0.38 0.0203251
0.68 0.38 0.0197104
0.7 0.38 0.0190227
0.72 0.38 0.0182619
0.74 0.38 0.0174282
0.76 0.38 0.0165217
0.78 0.38 0.0155423
0.8 0.38 0.0144902
0.82 0.38 0.0133655
0.84 0.38 0.0121683
0.86 0.38 0.0108988
0.88 0.38 0.00955711
0.9 0.38 0.00814334
0.92 0.38 0.00665769
0.94 0.38 0.00510033
0.96 0.38 0.00347146
0.98 0.38 0.00177128
0.02 0.4 0.00152822
0.04 0.4 0.00299717
0.06 0.4 0.00440655
0.08 0.4 0.00575604
0.1 0.4 0.00704537
0.12 0.4 0.00827425
0.14 0.4 0.0094424
0.16 0.4 0.0105496
0.18 0.4 0.0115955
0.2 0.4 0.01258
0.22 0.4 0.0135027
0.24 0.4 0.0143636
0.26 0.4 0.0151622
0.28 0.4 0.0158986
0.3 0.4 0.0165724
0.32 0.4 0.0171834
0.34 0.4 0.0177316
0.36 0.4 0.0182167
0.38 0.4 0.0186386
0.4 0.4 0.0189972
0.42 0.4 0.0192922
0.44 0.4 0.0195237
0.46 0.4 0.0196914
0.48 0.4 0.0197953
0.5 0.4 0.0198353
0.52 0.4 0.0198113
0.54 0.4 0.0197233
0.56 0.4 0.019571
0.58 0.4 0.0193546
0.6 0.4 0.019074
0.62 0.4 0.0187291
0.64 0.4 0.01832
0.66 0.4 0.0178465
0.68 0.4 0.0173087
0.7 0.4 0.0167067
0.72 0.4 0.0160404
0.74 0.4 0.0153099
0.76 0.4 0.0145151
0.78 0.4 0.0136563
0.8 0.4 0.0127333
0.82 0.4 0.0117463
0.84 0.4 0.0106954
0.86 0.4 0.00958071
0.88 0.4 0.00840224
0.9 0.4 0.00716014
0.92 0.4 0.00585455
0.94 0.4 0.00448559
0.96 0.4 0.0030534
0.98 0.4 0.00155815
0.02 0.42 0.0012803
0.04 0.42 0.00251123
0.06 0.42 0.00369251
0.08 0.42 0.00482387
0.1 0.42 0.00590504
0.12 0.42 0.00693578
0.14 0.42 0.00791584
0.16 0.42 0.00884498
0.18 0.42 0.00972297
0.2 0.42 0.0105496
0.22 0.42 0.0113246
0.24 0.42 0.0120479
0.26 0.42 0.0127192
0.28 0.42 0.0133383
0.3 0.42 0.013905
0.32 0.42 0.0144193
0.34 0.42 0.0148809
0.36 0.42 0.0152896
0.38 0.42 0.0156454
0.4 0.42 0.015948
0.42 0.42 0.0161974
0.44 0.42 0.0163934
0.46 0.42 0.016536
0.48 0.42 0.016625
0.5 0.42 0.0166603
0.52 0.42 0.0166418
0.54 0.42 0.0165695
0.56 0.42 0.0164433
0.58 0.42 0.0162632
0.6 0.42 0.016029
0.62 0.42 0.0157408
0.64 0.42 0.0153985
0.66 0.42 0.015002
0.68 0.42 0.0145514
0.7 0.42 0.0140467
0.72 0.42 0.0134878
0.74 0.42 0.0128749
0.76 0.42 0.0122077
0.78 0.42 0.0114865
0.8 0.42 0.0107113
0.82 0.42 0.00988202
0.84 0.42 0.00899881
0.86 0.42 0.0080617
0.88 0.42 0.00707076
0.9 0.42 0.00602609
0.92 0.42 0.00492776
0.94 0.42 0.00377588
0.96 0.42 0.00257054
0.98 0.42 0.00131188
0.02 0.44 0.00100315
0.04 0.44 0.00196785
0.06 0.44 0.00289386
0.08 0.44 0.00378095
0.1 0.44 0.00462889
0.12 0.44 0.00543749
0.14 0.44 0.00620652
0.16 0.44 0.00693579
0.18 0.44 0.0076251
0.2 0.44 0.00827427
0.22 0.44 0.00888311
0.24 0.44 0.00945144
0.26 0.44 0.00997911
0.28 0.44 0.0104659
0.3 0.44 0.0109118
0.32 0.44 0.0113165
0.34 0.44 0.01168
0.36 0.44 0.012002
0.38 0.44 0.0122825
0.4 0.44 0.0125213
0.42 0.44 0.0127184
0.44 0.44 0.0128736
0.46 0.44 0.0129868
0.48 0.44 0.0130579
0.5 0.44 0.0130869
0.52 0.44 0.0130737
0.54 0.44 0.0130181
0.56 0.44 0.0129202
0.58 0.44 0.0127798
0.6 0.44 0.0125969
0.62 0.44 0.0123715
0.64 0.44 0.0121035
0.66 0.44 0.011793
0.68 0.44 0.0114398
0.7 0.44 0.011044
0.72 0.44 0.0106055
0.74 0.44 0.0101244
0.76 0.44 0.00960057
0.78 0.44 0.00903416
0.8 0.44 0.00842512
0.82 0.44 0.0077735
0.84 0.44 0.00707931
0.86 0.44 0.0063426
0.88 0.44 0.00556343
0.9 0.44 0.00474183
0.92 0.44 0.00387788
0.94 0.44 0.00297164
0.96 0.44 0.00202319
0.98 0.44 0.00103261
0.02 0.46 0.000697131
0.04 0.46 0.0013677
0.06 0.46 0.00201154
0.08 0.46 0.00262847
0.1 0.46 0.00321833
0.12 0.46 0.00378095
0.14 0.46 0.00431619
0.16 0.46 0.00482388
0.18 0.46 0.00530389
0.2 0.46 0.00575606
0.22 0.46 0.00618027
0.24 0.46 0.00657638
0.26 0.46 0.00694426
0.28 0.46 0.00728379
0.3 0.46 0.00759486
0.32 0.46 0.00787734
0.34 0.46 0.00813114
0.36 0.46 0.00835614
0.38 0.46 0.00855225
0.4 0.46 0.00871938
0.42 0.46 0.00885744
0.44 0.46 0.00896634
0.46 0.46 0.00904601
0.48 0.46 0.00909637
0.5 0.46 0.00911736
0.52 0.46 0.00910892
0.54 0.46 0.00907097
0.56 0.46 0.00900348
0.58 0.46 0.00890639
0.6 0.46 0.00877966
0.62 0.46 0.00862325
0.64 0.46 0.00843713
0.66 0.46 0.00822128
0.68 0.46 0.00797566
0.7 0.46 0.00770027
0.72 0.46 0.00739508
0.74 0.46 0.0070601
0.76 0.46 0.00669532
0.78 0.46 0.00630074
0.8 0.46 0.00587637
0.82 0.46 0.00542224
0.84 0.46 0.00493834
0.86 0.46 0.00442472
0.88 0.46 0.00388139
0.9 0.46 0.00330839
0.92 0.46 0.00270577
0.94 0.46 0.00207357
0.96 0.46 0.00141183
0.98 0.46 0.000720624
0.02 0.48 0.000362612
0.04 0.48 0.000711499
0.06 0.48 0.00104656
0.08 0.48 0.0013677
0.1 0.48 0.00167483
0.12 0.48 0.00196786
0.14 0.48 0.00224669
0.16 0.48 0.00251124
0.18 0.48 0.00276143
0.2 0.48 0.00299718
0.22 0.48 0.00321842
0.24 0.48 0.00342505
0.26 0.48 0.00361703
0.28 0.48 0.00379426
0.3 0.48 0.0039567
0.32 0.48 0.00410426
0.34 0.48 0.0042369
0.36 0.48 0.00435455
0.38 0.48 0.00445716
0.4 0.48 0.00454467
0.42 0.48 0.00461703
0.44 0.48 0.0046742
0.46 0.48 0.00471613
0.48 0.48 0.00474277
0.5 0.48 0.0047541
0.52 0.48 0.00475007
0.54 0.48 0.00473064
0.56 0.48 0.00469579
0.58 0.48 0.00464549
0.6 0.48 0.00457971
0.62 0.48 0.00449843
0.64 0.48 0.00440164
0.66 0.48 0.0042893
0.68 0.48 0.00416142
0.7 0.48 0.00401798
0.72 0.48 0.00385896
0.74 0.48 0.00368437
0.76 0.48 0.0034942
0.78 0.48 0.00328845
0.8 0.48 0.00306713
0.82 0.48 0.00283023
0.84 0.48 0.00257778
0.86 0.48 0.00230978
0.88 0.48 0.00202624
0.9 0.48 0.00172719
0.92 0.48 0.00141264
0.94 0.48 0.00108262
0.96 0.48 0.000737151
0.98 0.48 0.000376267
