0.0333333 0.0333333 0.00100229
0.0666667 0.0333333 0.00193453
0.1 0.0333333 0.00279594
0.133333 0.0333333 0.00358584
0.166667 0.0333333 0.00430369
0.2 0.0333333 0.00494911
0.233333 0.0333333 0.00552182
0.266667 0.0333333 0.00602172
0.3 0.0333333 0.0064488
0.333333 0.0333333 0.00680322
0.366667 0.0333333 0.00708525
0.4 0.0333333 0.00729531
0.433333 0.0333333 0.00743396
0.466667 0.0333333 0.00750185
0.5 0.0333333 0.00749981
0.533333 0.0333333 0.00742877
0.566667 0.0333333 0.00728979
0.6 0.0333333 0.00708406
0.633333 0.0333333 0.00681289
0.666667 0.0333333 0.00647769
0.7 0.0333333 0.00608004
0.733333 0.0333333 0.00562157
0.766667 0.0333333 0.00510407
0.8 0.0333333 0.00452943
0.833333 0.0333333 0.00389962
0.866667 0.0333333 0.00321676
0.9 0.0333333 0.00248302
0.933333 0.0333333 0.00170071
0.966667 0.0333333 0.000872212
0.0333333 0.0666667 0.00186046
0.0666667 0.0666667 0.00359128
0.1 0.0666667 0.00519116
0.133333 0.0666667 0.006659
0.166667 0.0666667 0.00799393
0.2 0.0666667 0.0091953
0.233333 0.0666667 0.0102627
0.266667 0.0666667 0.0111958
0.3 0.0666667 0.0119948
0.333333 0.0666667 0.0126597
0.366667 0.0666667 0.0131911
0.4 0.0666667 0.0135895
0.433333 0.0666667 0.0138559
0.466667 0.0666667 0.0139913
0.5 0.0666667 0.013997
0.533333 0.0666667 0.0138745
0.566667 0.0666667 0.0136255
0.6 0.0666667 0.0132519
0.633333 0.0666667 0.0127557
0.666667 0.0666667 0.0121393
0.7 0.0666667 0.0114052
0.733333 0.0666667 0.0105559
0.766667 0.0666667 0.00959449
0.8 0.0666667 0.00852389
0.833333 0.0666667 0.00734733
0.866667 0.0666667 0.00606822
0.9 0.0666667 0.00469012
0.933333 0.0666667 0.00321676
0.966667 0.0666667 0.00165204
0.0333333 0.1 0.00257384
0.0666667 0.1 0.00496894
0.1 0.1 0.00718369
0.133333 0.1 0.00921677
0.166667 0.1 0.0110671
0.2 0.1 0.0127338
0.233333 0.1 0.0142165
0.266667 0.1 0.0155147
0.3 0.1 0.0166284
0.333333 0.1 0.0175579
0.366667 0.1 0.0183036
0.4 0.1 0.0188662
0.433333 0.1 0.0192468
0.466667 0.1 0.0194466
0.5 0.1 0.019467
0.533333 0.1 0.0193098
0.566667 0.1 0.018977
0.6 0.1 0.0184708
0.633333 0.1 0.0177937
0.666667 0.1 0.0169484
0.7 0.1 0.0159377
0.733333 0.1 0.014765
0.766667 0.1 0.0134335
0.8 0.1 0.0119469
0.833333 0.1 0.010309
0.866667 0.1 0.00852399
0.9 0.1 0.00659598
0.933333 0.1 0.00452949
0.966667 0.1 0.00232921
0.0333333 0.133333 0.00314205
0.0666667 0.133333 0.00606673
0.1 0.133333 0.00877233
0.133333 0.133333 0.0112574
0.166667 0.133333 0.0135207
0.2 0.133333 0.0155613
0.233333 0.133333 0.0173786
0.266667 0.133333 0.0189722
0.3 0.133333 0.020342
0.333333 0.133333 0.0214881
0.366667 0.133333 0.0224109
0.4 0.133333 0.0231112
0.433333 0.133333 0.02359
0.466667 0.133333 0.0238483
0.5 0.133333 0.0238878
0.533333 0.133333 0.0237101
0.566667 0.133333 0.0233173
0.6 0.133333 0.0227116
0.633333 0.133333 0.0218955
0.666667 0.133333 0.0208719
0.7 0.133333 0.0196436
0.733333 0.133333 0.0182141
0.766667 0.133333 0.0165867
0.8 0.133333 0.0147652
0.833333 0.133333 0.0127537
0.866667 0.133333 0.0105562
0.9 0.133333 0.00817738
0.933333 0.133333 0.00562175
0.966667 0.133333 0.00289426
0.0333333 0.166667 0.003565
0.0666667 0.166667 0.00688447
0.1 0.166667 0.00995663
0.133333 0.166667 0.01278
0.166667 0.166667 0.0153532
0.2 0.166667 0.0176754
0.233333 0.166667 0.0197458
0.266667 0.166667 0.0215638
0.3 0.166667 0.0231294
0.333333 0.166667 0.0244425
0.366667 0.166667 0.0255034
0.4 0.166667 0.0263128
0.433333 0.166667 0.0268713
0.466667 0.166667 0.0271801
0.5 0.166667 0.0272405
0.533333 0.166667 0.0270541
0.566667 0.166667 0.0266227
0.6 0.166667 0.0259484
0.633333 0.166667 0.0250335
0.666667 0.166667 0.0238806
0.7 0.166667 0.0224925
0.733333 0.166667 0.0208723
0.766667 0.166667 0.0190233
0.8 0.166667 0.016949
0.833333 0.166667 0.0146532
0.866667 0.166667 0.0121399
0.9 0.166667 0.00941337
0.933333 0.166667 0.00647804
0.966667 0.166667 0.00333861
0.0333333 0.2 0.00384291
0.0666667 0.2 0.00742247
0.1 0.2 0.0107369
0.133333 0.2 0.0137847
0.166667 0.2 0.0165645
0.2 0.2 0.0190753
0.233333 0.2 0.0213162
0.266667 0.2 0.0232867
0.3 0.2 0.0249865
0.333333 0.2 0.0264154
0.366667 0.2 0.0275735
0.4 0.2 0.0284612
0.433333 0.2 0.0290791
0.466667 0.2 0.029428
0.5 0.2 0.0295091
0.533333 0.2 0.0293235
0.566667 0.2 0.0288728
0.6 0.2 0.0281588
0.633333 0.2 0.0271834
0.666667 0.2 0.0259489
0.7 0.2 0.0244577
0.733333 0.2 0.0227125
0.766667 0.2 0.0207162
0.8 0.2 0.0184719
0.833333 0.2 0.0159829
0.866667 0.2 0.0132528
0.9 0.2 0.0102854
0.933333 0.2 0.0070846
0.966667 0.2 0.00365466
0.0333333 0.233333 0.00397631
0.0666667 0.233333 0.00768163
0.1 0.233333 0.0111142
0.133333 0.233333 0.0142725
0.166667 0.233333 0.0171552
0.2 0.233333 0.0197612
0.233333 0.233333 0.0220895
0.266667 0.233333 0.0241395
0.3 0.233333 0.0259107
0.333333 0.233333 0.0274028
0.366667 0.233333 0.0286156
0.4 0.233333 0.0295494
0.433333 0.233333 0.0302044
0.466667 0.233333 0.0305812
0.5 0.233333 0.0306805
0.533333 0.233333 0.0305033
0.566667 0.233333 0.0300507
0.6 0.233333 0.0293241
0.633333 0.233333 0.028325
0.666667 0.233333 0.0270552
0.7 0.233333 0.0255167
0.733333 0.233333 0.0237116
0.766667 0.233333 0.0216423
0.8 0.233333 0.0193114
0.833333 0.233333 0.0167216
0.866667 0.233333 0.0138758
0.9 0.233333 0.0107774
0.933333 0.233333 0.0074295
0.966667 0.233333 0.00383579
0.0333333 0.266667 0.00396601
0.0666667 0.266667 0.00766336
0.1 0.266667 0.0110904
0.133333 0.266667 0.0142455
0.166667 0.266667 0.0171273
0.2 0.266667 0.0197348
0.233333 0.266667 0.0220668
0.266667 0.266667 0.0241225
0.3 0.266667 0.0259013
0.333333 0.266667 0.0274028
0.366667 0.266667 0.0286265
0.4 0.266667 0.0295725
0.433333 0.266667 0.0302407
0.466667 0.266667 0.0306313
0.5 0.266667 0.0307448
0.533333 0.266667 0.0305818
0.566667 0.266667 0.0301429
0.6 0.266667 0.0294292
0.633333 0.266667 0.0284417
0.666667 0.266667 0.0271818
0.7 0.266667 0.0256507
0.733333 0.266667 0.0238503
0.766667 0.266667 0.0217822
0.8 0.266667 0.0194485
0.833333 0.266667 0.0168513
0.866667 0.266667 0.0139929
0.9 0.266667 0.0108759
0.933333 0.266667 0.00750275
0.966667 0.266667 0.00387646
0.0333333 0.3 0.00381311
0.0666667 0.3 0.00736965
0.1 0.3 0.0106679
0.133333 0.3 0.0137065
0.166667 0.3 0.0164838
0.2 0.3 0.0189988
0.233333 0.3 0.0212503
0.266667 0.3 0.0232374
0.3 0.3 0.0249593
0.333333 0.3 0.0264153
0.366667 0.3 0.027605
0.4 0.3 0.0285279
0.433333 0.3 0.029184
0.466667 0.3 0.029573
0.5 0.3 0.0296951
0.533333 0.3 0.0295505
0.566667 0.3 0.0291395
0.6 0.3 0.0284628
0.633333 0.3 0.027521
0.666667 0.3 0.0263148
0.7 0.3 0.0248453
0.733333 0.3 0.0231136
0.766667 0.3 0.0211208
0.8 0.3 0.0188685
0.833333 0.3 0.0163581
0.866667 0.3 0.0135913
0.9 0.3 0.0105701
0.933333 0.3 0.00729632
0.966667 0.3 0.0037722
0.0333333 0.333333 0.00351903
0.0666667 0.333333 0.00680298
0.1 0.333333 0.00985025
0.133333 0.333333 0.0126593
0.166667 0.333333 0.0152288
0.2 0.333333 0.0175575
0.233333 0.333333 0.0196441
0.266667 0.333333 0.0214878
0.3 0.333333 0.0230875
0.333333 0.333333 0.0244424
0.366667 0.333333 0.025552
0.4 0.333333 0.0264157
0.433333 0.333333 0.027033
0.466667 0.333333 0.0274036
0.5 0.333333 0.0275274
0.533333 0.333333 0.0274042
0.566667 0.333333 0.0270341
0.6 0.333333 0.0264173
0.633333 0.333333 0.025554
0.666667 0.333333 0.0244448
0.7 0.333333 0.0230901
0.733333 0.333333 0.0214905
0.766667 0.333333 0.019647
0.8 0.333333 0.0175602
0.833333 0.333333 0.0152314
0.866667 0.333333 0.0126616
0.9 0.333333 0.00985209
0.933333 0.333333 0.00680428
0.966667 0.333333 0.0035197
0.0333333 0.366667 0.00308544
0.0666667 0.366667 0.00596641
0.1 0.366667 0.00864135
0.133333 0.366667 0.0111088
0.166667 0.366667 0.0133675
0.2 0.366667 0.0154161
0.233333 0.366667 0.0172534
0.266667 0.366667 0.0188785
0.3 0.366667 0.0202903
0.333333 0.366667 0.021488
0.366667 0.366667 0.0224708
0.4 0.366667 0.023238
0.433333 0.366667 0.0237891
0.466667 0.366667 0.0241235
0.5 0.366667 0.0242409
0.533333 0.366667 0.024141
0.566667 0.366667 0.0238236
0.6 0.366667 0.0232887
0.633333 0.366667 0.0225361
0.666667 0.366667 0.0215661
0.7 0.366667 0.0203789
0.733333 0.366667 0.0189746
0.766667 0.366667 0.0173538
0.8 0.366667 0.015517
0.833333 0.366667 0.0134647
0.866667 0.366667 0.0111977
0.9 0.366667 0.00871671
0.933333 0.366667 0.00602275
0.966667 0.366667 0.0031168
0.0333333 0.4 0.00251435
0.0666667 0.4 0.00486348
0.1 0.4 0.00704602
0.133333 0.4 0.00906063
0.166667 0.4 0.0109061
0.2 0.4 0.0125812
0.233333 0.4 0.0140849
0.266667 0.4 0.0154162
0.3 0.4 0.0165741
0.333333 0.4 0.0175578
0.366667 0.4 0.0183665
0.4 0.4 0.0189994
0.433333 0.4 0.019456
0.466667 0.4 0.0197357
0.5 0.4 0.0198381
0.533333 0.4 0.0197626
0.566667 0.4 0.019509
0.6 0.4 0.019077
0.633333 0.4 0.0184666
0.666667 0.4 0.0176775
0.7 0.4 0.0167097
0.733333 0.4 0.0155635
0.766667 0.4 0.0142388
0.8 0.4 0.0127359
0.833333 0.4 0.0110552
0.866667 0.4 0.00919693
0.9 0.4 0.0071617
0.933333 0.4 0.00495002
0.966667 0.4 0.00256254
0.0333333 0.433333 0.001808
0.0666667 0.433333 0.00349829
0.1 0.433333 0.00506975
0.133333 0.433333 0.0065213
0.166667 0.433333 0.00785193
0.2 0.433333 0.00906068
0.233333 0.433333 0.0101466
0.266667 0.433333 0.011109
0.3 0.433333 0.0119469
0.333333 0.433333 0.0126596
0.366667 0.433333 0.0132466
0.4 0.433333 0.013707
0.433333 0.433333 0.0140404
0.466667 0.433333 0.0142463
0.5 0.433333 0.0143241
0.533333 0.433333 0.0142736
0.566667 0.433333 0.0140943
0.6 0.433333 0.013786
0.633333 0.433333 0.0133485
0.666667 0.433333 0.0127816
0.7 0.433333 0.0120851
0.733333 0.433333 0.011259
0.766667 0.433333 0.0103034
0.8 0.433333 0.00921835
0.833333 0.433333 0.00800389
0.866667 0.433333 0.00666026
0.9 0.433333 0.00518771
0.933333 0.433333 0.00358655
0.966667 0.433333 0.00185716
0.0333333 0.466667 0.000968947
0.0666667 0.466667 0.00187543
0.1 0.466667 0.00271877
0.133333 0.466667 0.00349831
0.166667 0.466667 0.00421343
0.2 0.466667 0.00486353
0.233333 0.466667 0.00544807
0.266667 0.466667 0.00596652
0.3 0.466667 0.00641838
0.333333 0.466667 0.00680318
0.366667 0.466667 0.00712052
0.4 0.466667 0.00736997
0.433333 0.466667 0.00755119
0.466667 0.466667 0.00766384
0.5 0.466667 0.00770762
0.533333 0.466667 0.00768226
0.566667 0.466667 0.00758754
0.6 0.466667 0.00742326
0.633333 0.466667 0.00718925
0.666667 0.466667 0.00688537
0.7 0.466667 0.00651154
0.733333 0.466667 0.00606769
0.766667 0.466667 0.00555378
0.8 0.466667 0.00496984
0.833333 0.466667 0.00431588
0.866667 0.466667 0.003592
0.9 0.466667 0.00279831
0.933333 0.466667 0.00193494
0.966667 0.466667 0.0010021
