0.1 0.1 0.00719233
0.2 0.1 0.0127497
0.3 0.1 0.0166508
0.4 0.1 0.0188946
0.5 0.1 0.0195005
0.6 0.1 0.0185075
0.7 0.1 0.0159739
0.8 0.1 0.0119773
0.9 0.1 0.00661401
0.1 0.2 0.0107494
0.2 0.2 0.0190987
0.3 0.2 0.0250197
0.4 0.2 0.0285035
0.5 0.2 0.0295591
0.6 0.2 0.0282136
0.7 0.2 0.024512
0.8 0.2 0.0185175
0.9 0.2 0.0103124
0.1 0.3 0.0106801
0.2 0.3 0.0190218
0.3 0.3 0.0249921
0.4 0.3 0.02857
0.5 0.3 0.0297451
0.6 0.3 0.028518
0.7 0.3 0.0249002
0.8 0.3 0.0189149
0.9 0.3 0.0105978
0.1 0.4 0.00705403
0.2 0.4 0.0125963
0.3 0.4 0.0165958
0.4 0.4 0.0190274
0.5 0.4 0.0198716
0.6 0.4 0.0191144
0.7 0.4 0.0167474
0.8 0.4 0.0127681
0.9 0.4 0.00718121
