0.0166667 0.0166667 0.00026402
0.0333333 0.0166667 0.000519024
0.05 0.0166667 0.000764948
0.0666667 0.0166667 0.00100173
0.0833333 0.0166667 0.00122933
0.1 0.0166667 0.00144769
0.116667 0.0166667 0.00165676
0.133333 0.0166667 0.00185651
0.15 0.0166667 0.00204691
0.166667 0.0166667 0.00222791
0.183333 0.0166667 0.00239951
0.2 0.0166667 0.00256167
0.216667 0.0166667 0.00271439
0.233333 0.0166667 0.00285765
0.25 0.0166667 0.00299144
0.266667 0.0166667 0.00311576
0.283333 0.0166667 0.00323063
0.3 0.0166667 0.00333603
0.316667 0.0166667 0.003432
0.333333 0.0166667 0.00351854
0.35 0.0166667 0.00359568
0.366667 0.0166667 0.00366344
0.383333 0.0166667 0.00372186
0.4 0.0166667 0.00377097
0.416667 0.0166667 0.00381081
0.433333 0.0166667 0.00384143
0.45 0.0166667 0.00386287
0.466667 0.0166667 0.0038752
0.483333 0.0166667 0.00387847
0.5 0.0166667 0.00387273
0.516667 0.0166667 0.00385807
0.533333 0.0166667 0.00383455
0.55 0.0166667 0.00380224
0.566667 0.0166667 0.00376124
0.583333 0.0166667 0.00371162
0.6 0.0166667 0.00365347
0.616667 0.0166667 0.00358688
0.633333 0.0166667 0.00351196
0.65 0.0166667 0.0034288
0.666667 0.0166667 0.00333751
0.683333 0.0166667 0.0032382
0.7 0.0166667 0.00313098
0.716667 0.0166667 0.00301596
0.733333 0.0166667 0.00289328
0.75 0.0166667 0.00276306
0.766667 0.0166667 0.00262541
0.783333 0.0166667 0.00248049
0.8 0.0166667 0.00232841
0.816667 0.0166667 0.00216933
0.833333 0.0166667 0.00200337
0.85 0.0166667 0.0018307
0.866667 0.0166667 0.00165146
0.883333 0.0166667 0.0014658
0.9 0.0166667 0.00127388
0.916667 0.0166667 0.00107586
0.933333 0.0166667 0.000871896
0.95 0.0166667 0.000662159
0.966667 0.0166667 0.000446816
0.983333 0.0166667 0.000226038
0.0166667 0.0333333 0.000509765
0.0333333 0.0333333 0.00100213
0.05 0.0333333 0.00147699
0.0666667 0.0333333 0.00193424
0.0833333 0.0333333 0.00237378
0.1 0.0333333 0.00279552
0.116667 0.0333333 0.00319938
0.133333 0.0333333 0.00358529
0.15 0.0333333 0.00395319
0.166667 0.0333333 0.00430303
0.183333 0.0333333 0.00463476
0.2 0.0333333 0.00494833
0.216667 0.0333333 0.00524374
0.233333 0.0333333 0.00552094
0.25 0.0333333 0.00577994
0.266667 0.0333333 0.00602073
0.283333 0.0333333 0.00624332
0.3 0.0333333 0.00644771
0.316667 0.0333333 0.00663394
0.333333 0.0333333 0.00680203
0.35 0.0333333 0.00695202
0.366667 0.0333333 0.00708397
0.383333 0.0333333 0.00719792
0.4 0.0333333 0.00729394
0.416667 0.0333333 0.0073721
0.433333 0.0333333 0.00743249
0.45 0.0333333 0.00747519
0.466667 0.0333333 0.0075003
0.483333 0.0333333 0.00750793
0.5 0.0333333 0.00749818
0.516667 0.0333333 0.00747119
0.533333 0.0333333 0.00742708
0.55 0.0333333 0.00736598
0.566667 0.0333333 0.00728804
0.583333 0.0333333 0.00719342
0.6 0.0333333 0.00708227
0.616667 0.0333333 0.00695477
0.633333 0.0333333 0.00681108
0.65 0.0333333 0.00665139
0.666667 0.0333333 0.00647589
0.683333 0.0333333 0.00628478
0.7 0.0333333 0.00607827
0.716667 0.0333333 0.00585655
0.733333 0.0333333 0.00561986
0.75 0.0333333 0.00536842
0.766667 0.0333333 0.00510246
0.783333 0.0333333 0.00482222
0.8 0.0333333 0.00452794
0.816667 0.0333333 0.00421988
0.833333 0.0333333 0.0038983
0.85 0.0333333 0.00356346
0.866667 0.0333333 0.00321564
0.883333 0.0333333 0.0028551
0.9 0.0333333 0.00248214
0.916667 0.0333333 0.00209704
0.933333 0.0333333 0.0017001
0.95 0.0333333 0.00129162
0.966667 0.0333333 0.000871896
0.983333 0.0333333 0.000441252
0.0166667 0.05 0.000737175
0.0333333 0.05 0.00144922
0.05 0.05 0.00213598
0.0666667 0.05 0.0027973
0.0833333 0.05 0.00343308
0.1 0.05 0.00404317
0.116667 0.05 0.00462748
0.133333 0.05 0.00518591
0.15 0.05 0.00571837
0.166667 0.05 0.00622479
0.183333 0.05 0.00670511
0.2 0.05 0.00715927
0.216667 0.05 0.00758725
0.233333 0.05 0.00798901
0.25 0.05 0.00836453
0.266667 0.05 0.00871381
0.283333 0.05 0.00903686
0.3 0.05 0.00933369
0.316667 0.05 0.00960434
0.333333 0.05 0.00984885
0.35 0.05 0.0100673
0.366667 0.05 0.0102596
0.383333 0.05 0.0104261
0.4 0.05 0.0105666
0.416667 0.05 0.0106814
0.433333 0.05 0.0107706
0.45 0.05 0.0108342
0.466667 0.05 0.0108723
0.483333 0.05 0.0108852
0.5 0.05 0.010873
0.516667 0.05 0.0108358
0.533333 0.05 0.0107739
0.55 0.05 0.0106873
0.566667 0.05 0.0105763
0.583333 0.05 0.0104412
0.6 0.05 0.010282
0.616667 0.05 0.0100991
0.633333 0.05 0.0098927
0.65 0.05 0.009663
0.666667 0.05 0.00941027
0.683333 0.05 0.00913479
0.7 0.05 0.00883684
0.716667 0.05 0.00851669
0.733333 0.05 0.00817465
0.75 0.05 0.00781101
0.766667 0.05 0.0074261
0.783333 0.05 0.00702023
0.8 0.05 0.00659374
0.816667 0.05 0.00614696
0.833333 0.05 0.00568026
0.85 0.05 0.00519398
0.866667 0.05 0.00468849
0.883333 0.05 0.00416418
0.9 0.05 0.00362142
0.916667 0.05 0.00306061
0.933333 0.05 0.00248214
0.95 0.05 0.00188643
0.966667 0.05 0.00127388
0.983333 0.05 0.000644929
0.0166667 0.0666667 0.000946203
0.0333333 0.0666667 0.00186018
0.05 0.0666667 0.00274175
0.0666667 0.0666667 0.00359074
0.0833333 0.0666667 0.004407
0.1 0.0666667 0.00519038
0.116667 0.0666667 0.00594075
0.133333 0.0666667 0.00665799
0.15 0.0666667 0.007342
0.166667 0.0666667 0.0079927
0.183333 0.0666667 0.00861001
0.2 0.0666667 0.00919386
0.216667 0.0666667 0.00974422
0.233333 0.0666667 0.010261
0.25 0.0666667 0.0107443
0.266667 0.0666667 0.011194
0.283333 0.0666667 0.0116101
0.3 0.0666667 0.0119927
0.316667 0.0666667 0.0123418
0.333333 0.0666667 0.0126575
0.35 0.0666667 0.0129397
0.366667 0.0666667 0.0131887
0.383333 0.0666667 0.0134044
0.4 0.0666667 0.013587
0.416667 0.0666667 0.0137365
0.433333 0.0666667 0.0138532
0.45 0.0666667 0.0139371
0.466667 0.0666667 0.0139885
0.483333 0.0666667 0.0140074
0.5 0.0666667 0.013994
0.516667 0.0666667 0.0139486
0.533333 0.0666667 0.0138714
0.55 0.0666667 0.0137625
0.566667 0.0666667 0.0136223
0.583333 0.0666667 0.0134509
0.6 0.0666667 0.0132486
0.616667 0.0666667 0.0130156
0.633333 0.0666667 0.0127524
0.65 0.0666667 0.012459
0.666667 0.0666667 0.012136
0.683333 0.0666667 0.0117835
0.7 0.0666667 0.0114019
0.716667 0.0666667 0.0109915
0.733333 0.0666667 0.0105528
0.75 0.0666667 0.010086
0.766667 0.0666667 0.00959151
0.783333 0.0666667 0.00906977
0.8 0.0666667 0.00852114
0.816667 0.0666667 0.00794604
0.833333 0.0666667 0.00734489
0.85 0.0666667 0.00671811
0.866667 0.0666667 0.00606615
0.883333 0.0666667 0.00538946
0.9 0.0666667 0.00468849
0.916667 0.0666667 0.00396373
0.933333 0.0666667 0.00321564
0.95 0.0666667 0.00244471
0.966667 0.0666667 0.00165146
0.983333 0.0666667 0.000836383
0.0166667 0.0833333 0.00113681
0.0333333 0.0833333 0.00223495
0.05 0.0833333 0.00329421
0.0666667 0.0833333 0.00431441
0.0833333 0.0833333 0.00529537
0.1 0.0833333 0.00623692
0.116667 0.0833333 0.00713892
0.133333 0.0833333 0.00800123
0.15 0.0833333 0.00882374
0.166667 0.0833333 0.00960636
0.183333 0.0833333 0.010349
0.2 0.0833333 0.0110516
0.216667 0.0833333 0.011714
0.233333 0.0833333 0.0123363
0.25 0.0833333 0.0129184
0.266667 0.0833333 0.0134604
0.283333 0.0833333 0.0139621
0.3 0.0833333 0.0144237
0.316667 0.0833333 0.0148452
0.333333 0.0833333 0.0152266
0.35 0.0833333 0.015568
0.366667 0.0833333 0.0158694
0.383333 0.0833333 0.016131
0.4 0.0833333 0.0163529
0.416667 0.0833333 0.0165352
0.433333 0.0833333 0.0166781
0.45 0.0833333 0.0167816
0.466667 0.0833333 0.016846
0.483333 0.0833333 0.0168715
0.5 0.0833333 0.0168582
0.516667 0.0833333 0.0168064
0.533333 0.0833333 0.0167163
0.55 0.0833333 0.0165881
0.566667 0.0833333 0.0164222
0.583333 0.0833333 0.0162187
0.6 0.0833333 0.0159779
0.616667 0.0833333 0.0157002
0.633333 0.0833333 0.0153858
0.65 0.0833333 0.0150352
0.666667 0.0833333 0.0146485
0.683333 0.0833333 0.0142263
0.7 0.0833333 0.0137688
0.716667 0.0833333 0.0132764
0.733333 0.0833333 0.0127496
0.75 0.0833333 0.0121886
0.766667 0.0833333 0.0115941
0.783333 0.0833333 0.0109663
0.8 0.0833333 0.0103057
0.816667 0.0833333 0.00961278
0.833333 0.0833333 0.00888803
0.85 0.0833333 0.0081319
0.866667 0.0833333 0.00734489
0.883333 0.0833333 0.0065275
0.9 0.0833333 0.00568026
0.916667 0.0833333 0.00480368
0.933333 0.0833333 0.0038983
0.95 0.0833333 0.00296468
0.966667 0.0833333 0.00200337
0.983333 0.0833333 0.00101495
0.0166667 0.1 0.00130896
0.0333333 0.1 0.00257346
0.05 0.1 0.00379328
0.0666667 0.1 0.0049682
0.0833333 0.1 0.00609804
0.1 0.1 0.00718262
0.116667 0.1 0.00822178
0.133333 0.1 0.00921538
0.15 0.1 0.0101633
0.166667 0.1 0.0110654
0.183333 0.1 0.0119216
0.2 0.1 0.0127319
0.216667 0.1 0.0134961
0.233333 0.1 0.0142142
0.25 0.1 0.0148862
0.266667 0.1 0.0155121
0.283333 0.1 0.0160919
0.3 0.1 0.0166256
0.316667 0.1 0.0171132
0.333333 0.1 0.0175548
0.35 0.1 0.0179505
0.366667 0.1 0.0183003
0.383333 0.1 0.0186043
0.4 0.1 0.0188627
0.416667 0.1 0.0190755
0.433333 0.1 0.019243
0.45 0.1 0.0193653
0.466667 0.1 0.0194426
0.483333 0.1 0.019475
0.5 0.1 0.0194628
0.516667 0.1 0.0194062
0.533333 0.1 0.0193055
0.55 0.1 0.0191608
0.566667 0.1 0.0189725
0.583333 0.1 0.0187409
0.6 0.1 0.0184662
0.616667 0.1 0.0181489
0.633333 0.1 0.0177891
0.65 0.1 0.0173873
0.666667 0.1 0.0169437
0.683333 0.1 0.0164589
0.7 0.1 0.0159332
0.716667 0.1 0.0153669
0.733333 0.1 0.0147606
0.75 0.1 0.0141146
0.766667 0.1 0.0134294
0.783333 0.1 0.0127054
0.8 0.1 0.0119431
0.816667 0.1 0.011143
0.833333 0.1 0.0103057
0.85 0.1 0.00943154
0.866667 0.1 0.00852114
0.883333 0.1 0.00757502
0.9 0.1 0.00659374
0.916667 0.1 0.00557785
0.933333 0.1 0.00452794
0.95 0.1 0.00344459
0.966667 0.1 0.00232841
0.983333 0.1 0.00118
0.0166667 0.116667 0.00146264
0.0333333 0.116667 0.00287568
0.05 0.116667 0.00423888
0.0666667 0.116667 0.00555202
0.0833333 0.116667 0.00681491
0.1 0.116667 0.00802735
0.116667 0.116667 0.00918918
0.133333 0.116667 0.0103002
0.15 0.116667 0.0113604
0.166667 0.116667 0.0123696
0.183333 0.116667 0.0133276
0.2 0.116667 0.0142344
0.216667 0.116667 0.01509
0.233333 0.116667 0.0158942
0.25 0.116667 0.0166471
0.266667 0.116667 0.0173486
0.283333 0.116667 0.0179987
0.3 0.116667 0.0185975
0.316667 0.116667 0.0191449
0.333333 0.116667 0.0196411
0.35 0.116667 0.020086
0.366667 0.116667 0.0204799
0.383333 0.116667 0.0208226
0.4 0.116667 0.0211145
0.416667 0.116667 0.0213556
0.433333 0.116667 0.0215461
0.45 0.116667 0.0216861
0.466667 0.116667 0.0217758
0.483333 0.116667 0.0218154
0.5 0.116667 0.0218051
0.516667 0.116667 0.0217452
0.533333 0.116667 0.0216359
0.55 0.116667 0.0214774
0.566667 0.116667 0.0212701
0.583333 0.116667 0.0210142
0.6 0.116667 0.0207101
0.616667 0.116667 0.020358
0.633333 0.116667 0.0199583
0.65 0.116667 0.0195114
0.666667 0.116667 0.0190176
0.683333 0.116667 0.0184773
0.7 0.116667 0.0178909
0.716667 0.116667 0.0172589
0.733333 0.116667 0.0165817
0.75 0.116667 0.0158596
0.766667 0.116667 0.0150932
0.783333 0.116667 0.014283
0.8 0.116667 0.0134294
0.816667 0.116667 0.0125329
0.833333 0.116667 0.0115941
0.85 0.116667 0.0106134
0.866667 0.116667 0.00959151
0.883333 0.116667 0.00852888
0.9 0.116667 0.0074261
0.916667 0.116667 0.00628376
0.933333 0.116667 0.00510246
0.95 0.116667 0.0038828
0.966667 0.116667 0.00262541
0.983333 0.116667 0.00133093
0.0166667 0.133333 0.00159784
0.0333333 0.133333 0.00314159
0.05 0.133333 0.004631
0.0666667 0.133333 0.00606584
0.0833333 0.133333 0.00744592
0.1 0.133333 0.00877103
0.116667 0.133333 0.010041
0.133333 0.133333 0.0112557
0.15 0.133333 0.0124149
0.166667 0.133333 0.0135186
0.183333 0.133333 0.0145666
0.2 0.133333 0.0155589
0.216667 0.133333 0.0164953
0.233333 0.133333 0.0173758
0.25 0.133333 0.0182004
0.266667 0.133333 0.0189691
0.283333 0.133333 0.0196818
0.3 0.133333 0.0203385
0.316667 0.133333 0.0209394
0.333333 0.133333 0.0214843
0.35 0.133333 0.0219735
0.366667 0.133333 0.0224069
0.383333 0.133333 0.0227847
0.4 0.133333 0.0231069
0.416667 0.133333 0.0233738
0.433333 0.133333 0.0235854
0.45 0.133333 0.0237419
0.466667 0.133333 0.0238435
0.483333 0.133333 0.0238903
0.5 0.133333 0.0238827
0.516667 0.133333 0.0238208
0.533333 0.133333 0.0237048
0.55 0.133333 0.0235351
0.566667 0.133333 0.0233118
0.583333 0.133333 0.0230354
0.6 0.133333 0.022706
0.616667 0.133333 0.0223241
0.633333 0.133333 0.0218899
0.65 0.133333 0.0214038
0.666667 0.133333 0.0208663
0.683333 0.133333 0.0202775
0.7 0.133333 0.0196381
0.716667 0.133333 0.0189484
0.733333 0.133333 0.0182087
0.75 0.133333 0.0174197
0.766667 0.133333 0.0165817
0.783333 0.133333 0.0156951
0.8 0.133333 0.0147606
0.816667 0.133333 0.0137786
0.833333 0.133333 0.0127496
0.85 0.133333 0.0116741
0.866667 0.133333 0.0105528
0.883333 0.133333 0.00938609
0.9 0.133333 0.00817465
0.916667 0.133333 0.00691904
0.933333 0.133333 0.00561986
0.95 0.133333 0.00427773
0.966667 0.133333 0.00289328
0.983333 0.133333 0.00146715
0.0166667 0.15 0.00171456
0.0333333 0.15 0.00337118
0.05 0.15 0.00496962
0.0666667 0.15 0.00650965
0.0833333 0.15 0.00799105
0.1 0.15 0.00941363
0.116667 0.15 0.0107772
0.133333 0.15 0.0120816
0.15 0.15 0.0133267
0.166667 0.15 0.0145124
0.183333 0.15 0.0156385
0.2 0.15 0.016705
0.216667 0.15 0.0177118
0.233333 0.15 0.0186587
0.25 0.15 0.0195459
0.266667 0.15 0.0203732
0.283333 0.15 0.0211406
0.3 0.15 0.0218481
0.316667 0.15 0.0224958
0.333333 0.15 0.0230837
0.35 0.15 0.0236118
0.366667 0.15 0.0240802
0.383333 0.15 0.0244891
0.4 0.15 0.0248384
0.416667 0.15 0.0251284
0.433333 0.15 0.0253592
0.45 0.15 0.0255309
0.466667 0.15 0.0256436
0.483333 0.15 0.0256977
0.5 0.15 0.0256932
0.516667 0.15 0.0256305
0.533333 0.15 0.0255096
0.55 0.15 0.025331
0.566667 0.15 0.0250948
0.583333 0.15 0.0248014
0.6 0.15 0.024451
0.616667 0.15 0.0240439
0.633333 0.15 0.0235805
0.65 0.15 0.0230612
0.666667 0.15 0.0224862
0.683333 0.15 0.021856
0.7 0.15 0.021171
0.716667 0.15 0.0204316
0.733333 0.15 0.0196381
0.75 0.15 0.0187911
0.766667 0.15 0.0178909
0.783333 0.15 0.0169382
0.8 0.15 0.0159332
0.816667 0.15 0.0148766
0.833333 0.15 0.0137688
0.85 0.15 0.0126104
0.866667 0.15 0.0114019
0.883333 0.15 0.0101438
0.9 0.15 0.00883684
0.916667 0.15 0.00748145
0.933333 0.15 0.00607827
0.95 0.15 0.0046279
0.966667 0.15 0.00313098
0.983333 0.15 0.00158813
0.0166667 0.166667 0.00181281
0.0333333 0.166667 0.00356448
0.05 0.166667 0.00525478
0.0666667 0.166667 0.00688347
0.0833333 0.166667 0.00845033
0.1 0.166667 0.00995516
0.116667 0.166667 0.0113978
0.133333 0.166667 0.0127781
0.15 0.166667 0.0140958
0.166667 0.166667 0.0153509
0.183333 0.166667 0.0165432
0.2 0.166667 0.0176727
0.216667 0.166667 0.0187392
0.233333 0.166667 0.0197427
0.25 0.166667 0.0206831
0.266667 0.166667 0.0215603
0.283333 0.166667 0.0223745
0.3 0.166667 0.0231255
0.316667 0.166667 0.0238135
0.333333 0.166667 0.0244383
0.35 0.166667 0.0250001
0.366667 0.166667 0.0254989
0.383333 0.166667 0.0259348
0.4 0.166667 0.0263078
0.416667 0.166667 0.0266182
0.433333 0.166667 0.026866
0.45 0.166667 0.0270514
0.466667 0.166667 0.0271745
0.483333 0.166667 0.0272356
0.5 0.166667 0.0272347
0.516667 0.166667 0.0271721
0.533333 0.166667 0.027048
0.55 0.166667 0.0268627
0.566667 0.166667 0.0266164
0.583333 0.166667 0.0263094
0.6 0.166667 0.025942
0.616667 0.166667 0.0255144
0.633333 0.166667 0.025027
0.65 0.166667 0.0244802
0.666667 0.166667 0.0238742
0.683333 0.166667 0.0232094
0.7 0.166667 0.0224862
0.716667 0.166667 0.021705
0.733333 0.166667 0.0208663
0.75 0.166667 0.0199703
0.766667 0.166667 0.0190176
0.783333 0.166667 0.0180086
0.8 0.166667 0.0169437
0.816667 0.166667 0.0158236
0.833333 0.166667 0.0146485
0.85 0.166667 0.0134192
0.866667 0.166667 0.012136
0.883333 0.166667 0.0107995
0.9 0.166667 0.00941027
0.916667 0.166667 0.00796888
0.933333 0.166667 0.00647589
0.95 0.166667 0.0049319
0.966667 0.166667 0.00333751
0.983333 0.166667 0.00169333
0.0166667 0.183333 0.00189261
0.0333333 0.183333 0.00372153
0.05 0.183333 0.00548652
0.0666667 0.183333 0.00718735
0.0833333 0.183333 0.00882381
0.1 0.183333 0.0103957
0.116667 0.183333 0.0119028
0.133333 0.183333 0.013345
0.15 0.183333 0.0147222
0.166667 0.183333 0.0160341
0.183333 0.183333 0.0172806
0.2 0.183333 0.0184618
0.216667 0.183333 0.0195774
0.233333 0.183333 0.0206274
0.25 0.183333 0.0216117
0.266667 0.183333 0.0225304
0.283333 0.183333 0.0233833
0.3 0.183333 0.0241704
0.316667 0.183333 0.0248918
0.333333 0.183333 0.0255475
0.35 0.183333 0.0261375
0.366667 0.183333 0.0266619
0.383333 0.183333 0.0271207
0.4 0.183333 0.027514
0.416667 0.183333 0.0278419
0.433333 0.183333 0.0281045
0.45 0.183333 0.028302
0.466667 0.183333 0.0284345
0.483333 0.183333 0.0285021
0.5 0.183333 0.0285051
0.516667 0.183333 0.0284436
0.533333 0.183333 0.0283178
0.55 0.183333 0.0281279
0.566667 0.183333 0.0278743
0.583333 0.183333 0.027557
0.6 0.183333 0.0271765
0.616667 0.183333 0.0267329
0.633333 0.183333 0.0262266
0.65 0.183333 0.0256579
0.666667 0.183333 0.025027
0.683333 0.183333 0.0243345
0.7 0.183333 0.0235805
0.716667 0.183333 0.0227655
0.733333 0.183333 0.0218899
0.75 0.183333 0.020954
0.766667 0.183333 0.0199583
0.783333 0.183333 0.0189032
0.8 0.183333 0.0177891
0.816667 0.183333 0.0166165
0.833333 0.183333 0.0153858
0.85 0.183333 0.0140976
0.866667 0.183333 0.0127524
0.883333 0.183333 0.0113505
0.9 0.183333 0.0098927
0.916667 0.183333 0.00837936
0.933333 0.183333 0.00681108
0.95 0.183333 0.00518842
0.966667 0.183333 0.00351196
0.983333 0.183333 0.00178228
0.0166667 0.2 0.00195398
0.0333333 0.2 0.00384237
0.05 0.2 0.00566492
0.0666667 0.2 0.0074214
0.0833333 0.2 0.0091116
0.1 0.2 0.0107353
0.116667 0.2 0.0122924
0.133333 0.2 0.0137826
0.15 0.2 0.0152059
0.166667 0.2 0.016562
0.183333 0.2 0.0178508
0.2 0.2 0.0190723
0.216667 0.2 0.0202264
0.233333 0.2 0.0213129
0.25 0.2 0.0223318
0.266667 0.2 0.023283
0.283333 0.2 0.0241665
0.3 0.2 0.0249823
0.316667 0.2 0.0257304
0.333333 0.2 0.0264108
0.35 0.2 0.0270235
0.366667 0.2 0.0275686
0.383333 0.2 0.028046
0.4 0.2 0.0284559
0.416667 0.2 0.0287984
0.433333 0.2 0.0290735
0.45 0.2 0.0292813
0.466667 0.2 0.0294221
0.483333 0.2 0.0294958
0.5 0.2 0.0295028
0.516667 0.2 0.0294431
0.533333 0.2 0.0293169
0.55 0.2 0.0291245
0.566667 0.2 0.028866
0.583333 0.2 0.0285418
0.6 0.2 0.0281519
0.616667 0.2 0.0276967
0.633333 0.2 0.0271765
0.65 0.2 0.0265915
0.666667 0.2 0.025942
0.683333 0.2 0.0252284
0.7 0.2 0.024451
0.716667 0.2 0.02361
0.733333 0.2 0.022706
0.75 0.2 0.0217392
0.766667 0.2 0.0207101
0.783333 0.2 0.0196189
0.8 0.2 0.0184662
0.816667 0.2 0.0172524
0.833333 0.2 0.0159779
0.85 0.2 0.0146431
0.866667 0.2 0.0132486
0.883333 0.2 0.0117947
0.9 0.2 0.010282
0.916667 0.2 0.00871105
0.933333 0.2 0.00708227
0.95 0.2 0.00539623
0.966667 0.2 0.00365347
0.983333 0.2 0.00185453
0.0166667 0.216667 0.00199697
0.0333333 0.216667 0.00392708
0.05 0.216667 0.00579008
0.0666667 0.216667 0.00758574
0.0833333 0.216667 0.00931386
0.1 0.216667 0.0109742
0.116667 0.216667 0.0125667
0.133333 0.216667 0.014091
0.15 0.216667 0.0155471
0.166667 0.216667 0.0169348
0.183333 0.216667 0.0182539
0.2 0.216667 0.0195044
0.216667 0.216667 0.0206862
0.233333 0.216667 0.0217991
0.25 0.216667 0.0228431
0.266667 0.216667 0.0238181
0.283333 0.216667 0.0247241
0.3 0.216667 0.0255611
0.316667 0.216667 0.026329
0.333333 0.216667 0.0270278
0.35 0.216667 0.0276575
0.366667 0.216667 0.0282183
0.383333 0.216667 0.02871
0.4 0.216667 0.0291328
0.416667 0.216667 0.0294867
0.433333 0.216667 0.0297718
0.45 0.216667 0.0299882
0.466667 0.216667 0.0301359
0.483333 0.216667 0.0302152
0.5 0.216667 0.0302262
0.516667 0.216667 0.030169
0.533333 0.216667 0.0300437
0.55 0.216667 0.0298506
0.566667 0.216667 0.0295898
0.583333 0.216667 0.0292615
0.6 0.216667 0.028866
0.616667 0.216667 0.0284035
0.633333 0.216667 0.0278743
0.65 0.216667 0.0272785
0.666667 0.216667 0.0266164
0.683333 0.216667 0.0258885
0.7 0.216667 0.0250948
0.716667 0.216667 0.0242358
0.733333 0.216667 0.0233118
0.75 0.216667 0.0223231
0.766667 0.216667 0.0212701
0.783333 0.216667 0.0201531
0.8 0.216667 0.0189725
0.816667 0.216667 0.0177287
0.833333 0.216667 0.0164222
0.85 0.216667 0.0150532
0.866667 0.216667 0.0136223
0.883333 0.216667 0.0121298
0.9 0.216667 0.0105763
0.916667 0.216667 0.00896225
0.933333 0.216667 0.00728804
0.95 0.216667 0.0055542
0.966667 0.216667 0.00376124
0.983333 0.216667 0.00190966
0.0166667 0.233333 0.00202163
0.0333333 0.233333 0.00397575
0.05 0.233333 0.00586213
0.0666667 0.233333 0.00768053
0.0833333 0.233333 0.00943075
0.1 0.233333 0.0111126
0.116667 0.233333 0.0127259
0.133333 0.233333 0.0142704
0.15 0.233333 0.015746
0.166667 0.233333 0.0171526
0.183333 0.233333 0.01849
0.2 0.233333 0.0197582
0.216667 0.233333 0.0209569
0.233333 0.233333 0.0220861
0.25 0.233333 0.0231457
0.266667 0.233333 0.0241357
0.283333 0.233333 0.0250559
0.3 0.233333 0.0259064
0.316667 0.233333 0.0266872
0.333333 0.233333 0.0273981
0.35 0.233333 0.0280392
0.366667 0.233333 0.0286105
0.383333 0.233333 0.0291121
0.4 0.233333 0.0295439
0.416667 0.233333 0.029906
0.433333 0.233333 0.0301985
0.45 0.233333 0.0304215
0.466667 0.233333 0.030575
0.483333 0.233333 0.0306591
0.5 0.233333 0.030674
0.516667 0.233333 0.0306198
0.533333 0.233333 0.0304965
0.55 0.233333 0.0303044
0.566667 0.233333 0.0300437
0.583333 0.233333 0.0297145
0.6 0.233333 0.0293169
0.616667 0.233333 0.0288513
0.633333 0.233333 0.0283178
0.65 0.233333 0.0277166
0.666667 0.233333 0.027048
0.683333 0.233333 0.0263123
0.7 0.233333 0.0255096
0.716667 0.233333 0.0246404
0.733333 0.233333 0.0237048
0.75 0.233333 0.0227032
0.766667 0.233333 0.0216359
0.783333 0.233333 0.0205032
0.8 0.233333 0.0193055
0.816667 0.233333 0.018043
0.833333 0.233333 0.0167163
0.85 0.233333 0.0153256
0.866667 0.233333 0.0138714
0.883333 0.233333 0.012354
0.9 0.233333 0.0107739
0.916667 0.233333 0.00913142
0.933333 0.233333 0.00742708
0.95 0.233333 0.0056613
0.966667 0.233333 0.00383455
0.983333 0.233333 0.00194729
0.0166667 0.25 0.00202802
0.0333333 0.25 0.0039885
0.05 0.25 0.00588123
0.0666667 0.25 0.00770597
0.0833333 0.25 0.00946251
0.1 0.25 0.0111507
0.116667 0.25 0.0127703
0.133333 0.25 0.0143211
0.15 0.25 0.015803
0.166667 0.25 0.0172159
0.183333 0.25 0.0185595
0.2 0.25 0.0198338
0.216667 0.25 0.0210387
0.233333 0.25 0.0221741
0.25 0.25 0.0232398
0.266667 0.25 0.0242358
0.283333 0.25 0.025162
0.3 0.25 0.0260184
0.316667 0.25 0.0268049
0.333333 0.25 0.0275215
0.35 0.25 0.0281682
0.366667 0.25 0.028745
0.383333 0.25 0.0292518
0.4 0.25 0.0296888
0.416667 0.25 0.0300558
0.433333 0.25 0.0303531
0.45 0.25 0.0305806
0.466667 0.25 0.0307383
0.483333 0.25 0.0308264
0.5 0.25 0.030845
0.516667 0.25 0.0307942
0.533333 0.25 0.030674
0.55 0.25 0.0304846
0.566667 0.25 0.0302262
0.583333 0.25 0.0298989
0.6 0.25 0.0295028
0.616667 0.25 0.0290381
0.633333 0.25 0.0285051
0.65 0.25 0.0279039
0.666667 0.25 0.0272347
0.683333 0.25 0.0264977
0.7 0.25 0.0256932
0.716667 0.25 0.0248215
0.733333 0.25 0.0238827
0.75 0.25 0.0228771
0.766667 0.25 0.0218051
0.783333 0.25 0.0206669
0.8 0.25 0.0194628
0.816667 0.25 0.0181931
0.833333 0.25 0.0168582
0.85 0.25 0.0154584
0.866667 0.25 0.013994
0.883333 0.25 0.0124654
0.9 0.25 0.010873
0.916667 0.25 0.00921713
0.933333 0.25 0.00749818
0.95 0.25 0.00571658
0.966667 0.25 0.00387273
0.983333 0.25 0.00196706
0.0166667 0.266667 0.00201619
0.0333333 0.266667 0.00396545
0.05 0.266667 0.00584756
0.0666667 0.266667 0.00766228
0.0833333 0.266667 0.00940941
0.1 0.266667 0.0110888
0.116667 0.266667 0.0127001
0.133333 0.266667 0.0142434
0.15 0.266667 0.0157183
0.166667 0.266667 0.0171248
0.183333 0.266667 0.0184626
0.2 0.266667 0.0197317
0.216667 0.266667 0.020932
0.233333 0.266667 0.0220633
0.25 0.266667 0.0231255
0.266667 0.266667 0.0241186
0.283333 0.266667 0.0250425
0.3 0.266667 0.025897
0.316667 0.266667 0.0266823
0.333333 0.266667 0.0273981
0.35 0.266667 0.0280445
0.366667 0.266667 0.0286214
0.383333 0.266667 0.0291289
0.4 0.266667 0.029567
0.416667 0.266667 0.0299356
0.433333 0.266667 0.0302348
0.45 0.266667 0.0304646
0.466667 0.266667 0.0306251
0.483333 0.266667 0.0307163
0.5 0.266667 0.0307383
0.516667 0.266667 0.0306912
0.533333 0.266667 0.030575
0.55 0.266667 0.0303899
0.566667 0.266667 0.0301359
0.583333 0.266667 0.0298133
0.6 0.266667 0.0294221
0.616667 0.266667 0.0289624
0.633333 0.266667 0.0284345
0.65 0.266667 0.0278385
0.666667 0.266667 0.0271745
0.683333 0.266667 0.0264429
0.7 0.266667 0.0256436
0.716667 0.266667 0.0247771
0.733333 0.266667 0.0238435
0.75 0.266667 0.0228429
0.766667 0.266667 0.0217758
0.783333 0.266667 0.0206422
0.8 0.266667 0.0194426
0.816667 0.266667 0.0181771
0.833333 0.266667 0.016846
0.85 0.266667 0.0154497
0.866667 0.266667 0.0139885
0.883333 0.266667 0.0124625
0.9 0.266667 0.0108723
0.916667 0.266667 0.00921813
0.933333 0.266667 0.0075003
0.95 0.266667 0.0057192
0.966667 0.266667 0.0038752
0.983333 0.266667 0.00196867
0.0166667 0.283333 0.00198624
0.0333333 0.283333 0.00390676
0.05 0.283333 0.00576133
0.0666667 0.283333 0.00754973
0.0833333 0.283333 0.00927175
0.1 0.283333 0.0109272
0.116667 0.283333 0.0125159
0.133333 0.283333 0.0140377
0.15 0.283333 0.0154924
0.166667 0.283333 0.0168798
0.183333 0.283333 0.0181998
0.2 0.283333 0.0194523
0.216667 0.283333 0.0206371
0.233333 0.283333 0.0217541
0.25 0.283333 0.0228033
0.266667 0.283333 0.0237845
0.283333 0.283333 0.0246976
0.3 0.283333 0.0255425
0.316667 0.283333 0.0263193
0.333333 0.283333 0.0270278
0.35 0.283333 0.027668
0.366667 0.283333 0.0282398
0.383333 0.283333 0.0287432
0.4 0.283333 0.0291783
0.416667 0.283333 0.029545
0.433333 0.283333 0.0298433
0.45 0.283333 0.0300732
0.466667 0.283333 0.0302348
0.483333 0.283333 0.0303281
0.5 0.283333 0.0303531
0.516667 0.283333 0.0303099
0.533333 0.283333 0.0301985
0.55 0.283333 0.0300191
0.566667 0.283333 0.0297718
0.583333 0.283333 0.0294565
0.6 0.283333 0.0290735
0.616667 0.283333 0.0286228
0.633333 0.283333 0.0281045
0.65 0.283333 0.0275189
0.666667 0.283333 0.026866
0.683333 0.283333 0.0261461
0.7 0.283333 0.0253592
0.716667 0.283333 0.0245056
0.733333 0.283333 0.0235854
0.75 0.283333 0.0225988
0.766667 0.283333 0.0215461
0.783333 0.283333 0.0204274
0.8 0.283333 0.019243
0.816667 0.283333 0.0179932
0.833333 0.283333 0.0166781
0.85 0.283333 0.015298
0.866667 0.283333 0.0138532
0.883333 0.283333 0.012344
0.9 0.283333 0.0107706
0.916667 0.283333 0.00913331
0.933333 0.283333 0.00743249
0.95 0.283333 0.00566842
0.966667 0.283333 0.00384143
0.983333 0.283333 0.00195184
0.0166667 0.3 0.00193825
0.0333333 0.3 0.00381258
0.05 0.3 0.00562277
0.0666667 0.3 0.00736861
0.0833333 0.3 0.00904989
0.1 0.3 0.0106664
0.116667 0.3 0.012218
0.133333 0.3 0.0137045
0.15 0.3 0.0151256
0.166667 0.3 0.0164814
0.183333 0.3 0.0177715
0.2 0.3 0.0189959
0.216667 0.3 0.0201545
0.233333 0.3 0.021247
0.25 0.3 0.0222735
0.266667 0.3 0.0232337
0.283333 0.3 0.0241276
0.3 0.3 0.0249552
0.316667 0.3 0.0257163
0.333333 0.3 0.0264108
0.35 0.3 0.0270388
0.366667 0.3 0.0276001
0.383333 0.3 0.0280947
0.4 0.3 0.0285227
0.416667 0.3 0.0288839
0.433333 0.3 0.0291783
0.45 0.3 0.029406
0.466667 0.3 0.029567
0.483333 0.3 0.0296612
0.5 0.3 0.0296888
0.516667 0.3 0.0296497
0.533333 0.3 0.0295439
0.55 0.3 0.0293716
0.566667 0.3 0.0291328
0.583333 0.3 0.0288275
0.6 0.3 0.0284559
0.616667 0.3 0.028018
0.633333 0.3 0.027514
0.65 0.3 0.0269439
0.666667 0.3 0.0263078
0.683333 0.3 0.025606
0.7 0.3 0.0248384
0.716667 0.3 0.0240054
0.733333 0.3 0.0231069
0.75 0.3 0.0221432
0.766667 0.3 0.0211145
0.783333 0.3 0.0200209
0.8 0.3 0.0188627
0.816667 0.3 0.0176399
0.833333 0.3 0.0163529
0.85 0.3 0.0150019
0.866667 0.3 0.013587
0.883333 0.3 0.0121085
0.9 0.3 0.0105666
0.916667 0.3 0.00896171
0.933333 0.3 0.00729394
0.95 0.3 0.0055636
0.966667 0.3 0.00377097
0.983333 0.3 0.00191634
0.0166667 0.316667 0.00187232
0.0333333 0.316667 0.00368311
0.05 0.316667 0.00543216
0.0666667 0.316667 0.00711926
0.0833333 0.316667 0.0087442
0.1 0.316667 0.0103068
0.116667 0.316667 0.0118069
0.133333 0.316667 0.0132442
0.15 0.316667 0.0146187
0.166667 0.316667 0.0159301
0.183333 0.316667 0.0171783
0.2 0.316667 0.0183632
0.216667 0.316667 0.0194846
0.233333 0.316667 0.0205425
0.25 0.316667 0.0215366
0.266667 0.316667 0.0224668
0.283333 0.316667 0.0233331
0.3 0.316667 0.0241354
0.316667 0.316667 0.0248736
0.333333 0.316667 0.0255475
0.35 0.316667 0.0261572
0.366667 0.316667 0.0267026
0.383333 0.316667 0.0271836
0.4 0.316667 0.0276001
0.416667 0.316667 0.0279522
0.433333 0.316667 0.0282398
0.45 0.316667 0.0284629
0.466667 0.316667 0.0286214
0.483333 0.316667 0.0287155
0.5 0.316667 0.028745
0.516667 0.316667 0.02871
0.533333 0.316667 0.0286105
0.55 0.316667 0.0284466
0.566667 0.316667 0.0282183
0.583333 0.316667 0.0279256
0.6 0.316667 0.0275686
0.616667 0.316667 0.0271473
0.633333 0.316667 0.0266619
0.65 0.316667 0.0261124
0.666667 0.316667 0.0254989
0.683333 0.316667 0.0248214
0.7 0.316667 0.0240802
0.716667 0.316667 0.0232753
0.733333 0.316667 0.0224069
0.75 0.316667 0.021475
0.766667 0.316667 0.0204799
0.783333 0.316667 0.0194216
0.8 0.316667 0.0183003
0.816667 0.316667 0.0171162
0.833333 0.316667 0.0158694
0.85 0.316667 0.0145602
0.866667 0.316667 0.0131887
0.883333 0.316667 0.0117551
0.9 0.316667 0.0102596
0.916667 0.316667 0.00870253
0.933333 0.316667 0.00708397
0.95 0.316667 0.00540419
0.966667 0.316667 0.00366344
0.983333 0.316667 0.00186196
0.0166667 0.333333 0.00178855
0.0333333 0.333333 0.00351854
0.05 0.333333 0.00518977
0.0666667 0.333333 0.00680203
0.0833333 0.333333 0.00835512
0.1 0.333333 0.00984885
0.116667 0.333333 0.011283
0.133333 0.333333 0.0126575
0.15 0.333333 0.0139721
0.166667 0.333333 0.0152266
0.183333 0.333333 0.0164209
0.2 0.333333 0.0175548
0.216667 0.333333 0.0186283
0.233333 0.333333 0.0196411
0.25 0.333333 0.0205931
0.266667 0.333333 0.0214843
0.283333 0.333333 0.0223145
0.3 0.333333 0.0230837
0.316667 0.333333 0.0237916
0.333333 0.333333 0.0244383
0.35 0.333333 0.0250236
0.366667 0.333333 0.0255475
0.383333 0.333333 0.0260099
0.4 0.333333 0.0264108
0.416667 0.333333 0.0267501
0.433333 0.333333 0.0270278
0.45 0.333333 0.0272438
0.466667 0.333333 0.0273981
0.483333 0.333333 0.0274907
0.5 0.333333 0.0275215
0.516667 0.333333 0.0274907
0.533333 0.333333 0.0273981
0.55 0.333333 0.0272438
0.566667 0.333333 0.0270278
0.583333 0.333333 0.0267501
0.6 0.333333 0.0264108
0.616667 0.333333 0.0260099
0.633333 0.333333 0.0255475
0.65 0.333333 0.0250236
0.666667 0.333333 0.0244383
0.683333 0.333333 0.0237916
0.7 0.333333 0.0230837
0.716667 0.333333 0.0223145
0.733333 0.333333 0.0214843
0.75 0.333333 0.0205931
0.766667 0.333333 0.0196411
0.783333 0.333333 0.0186283
0.8 0.333333 0.0175548
0.816667 0.333333 0.0164209
0.833333 0.333333 0.0152266
0.85 0.333333 0.0139721
0.866667 0.333333 0.0126575
0.883333 0.333333 0.011283
0.9 0.333333 0.00984885
0.916667 0.333333 0.00835512
0.933333 0.333333 0.00680203
0.95 0.333333 0.00518977
0.966667 0.333333 0.00351854
0.983333 0.333333 0.00178855
0.0166667 0.35 0.00168705
0.0333333 0.35 0.0033191
0.05 0.35 0.00489592
0.0666667 0.35 0.00641733
0.0833333 0.35 0.00788312
0.1 0.35 0.0092931
0.116667 0.35 0.0106471
0.133333 0.35 0.0119449
0.15 0.35 0.0131864
0.166667 0.35 0.0143715
0.183333 0.35 0.0154998
0.2 0.35 0.0165714
0.216667 0.35 0.017586
0.233333 0.35 0.0185436
0.25 0.35 0.0194439
0.266667 0.35 0.020287
0.283333 0.35 0.0210726
0.3 0.35 0.0218006
0.316667 0.35 0.022471
0.333333 0.35 0.0230837
0.35 0.35 0.0236385
0.366667 0.35 0.0241354
0.383333 0.35 0.0245743
0.4 0.35 0.0249552
0.416667 0.35 0.025278
0.433333 0.35 0.0255425
0.45 0.35 0.0257489
0.466667 0.35 0.025897
0.483333 0.35 0.0259869
0.5 0.35 0.0260184
0.516667 0.35 0.0259916
0.533333 0.35 0.0259064
0.55 0.35 0.0257629
0.566667 0.35 0.0255611
0.583333 0.35 0.0253009
0.6 0.35 0.0249823
0.616667 0.35 0.0246055
0.633333 0.35 0.0241704
0.65 0.35 0.0236771
0.666667 0.35 0.0231255
0.683333 0.35 0.0225159
0.7 0.35 0.0218481
0.716667 0.35 0.0211223
0.733333 0.35 0.0203385
0.75 0.35 0.0194969
0.766667 0.35 0.0185975
0.783333 0.35 0.0176403
0.8 0.35 0.0166256
0.816667 0.35 0.0155534
0.833333 0.35 0.0144237
0.85 0.35 0.0132368
0.866667 0.35 0.0119927
0.883333 0.35 0.0106917
0.9 0.35 0.00933369
0.916667 0.35 0.007919
0.933333 0.35 0.00644771
0.95 0.35 0.00492
0.966667 0.35 0.00333603
0.983333 0.35 0.00169597
0.0166667 0.366667 0.00156797
0.0333333 0.366667 0.00308502
0.05 0.366667 0.00455095
0.0666667 0.366667 0.00596558
0.0833333 0.366667 0.00732869
0.1 0.366667 0.00864012
0.116667 0.366667 0.00989969
0.133333 0.366667 0.0111072
0.15 0.366667 0.0122625
0.166667 0.366667 0.0133655
0.183333 0.366667 0.014416
0.2 0.366667 0.0154137
0.216667 0.366667 0.0163587
0.233333 0.366667 0.0172508
0.25 0.366667 0.0180897
0.266667 0.366667 0.0188755
0.283333 0.366667 0.0196079
0.3 0.366667 0.020287
0.316667 0.366667 0.0209125
0.333333 0.366667 0.0214843
0.35 0.366667 0.0220025
0.366667 0.366667 0.0224668
0.383333 0.366667 0.0228772
0.4 0.366667 0.0232337
0.416667 0.366667 0.0235361
0.433333 0.366667 0.0237845
0.45 0.366667 0.0239787
0.466667 0.366667 0.0241186
0.483333 0.366667 0.0242043
0.5 0.366667 0.0242358
0.516667 0.366667 0.0242129
0.533333 0.366667 0.0241357
0.55 0.366667 0.0240041
0.566667 0.366667 0.0238181
0.583333 0.366667 0.0235777
0.6 0.366667 0.023283
0.616667 0.366667 0.0229339
0.633333 0.366667 0.0225304
0.65 0.366667 0.0220725
0.666667 0.366667 0.0215603
0.683333 0.366667 0.0209939
0.7 0.366667 0.0203732
0.716667 0.366667 0.0196982
0.733333 0.366667 0.0189691
0.75 0.366667 0.0181859
0.766667 0.366667 0.0173486
0.783333 0.366667 0.0164573
0.8 0.366667 0.0155121
0.816667 0.366667 0.0145131
0.833333 0.366667 0.0134604
0.85 0.366667 0.012354
0.866667 0.366667 0.011194
0.883333 0.366667 0.00998057
0.9 0.366667 0.00871381
0.916667 0.366667 0.00739382
0.933333 0.366667 0.00602073
0.95 0.366667 0.00459467
0.966667 0.366667 0.00311576
0.983333 0.366667 0.00158416
0.0166667 0.383333 0.00143142
0.0333333 0.383333 0.00281656
0.05 0.383333 0.00415523
0.0666667 0.383333 0.00544724
0.0833333 0.383333 0.0066924
0.1 0.383333 0.00789054
0.116667 0.383333 0.00904149
0.133333 0.383333 0.0101451
0.15 0.383333 0.0112012
0.166667 0.383333 0.0122096
0.183333 0.383333 0.0131701
0.2 0.383333 0.0140827
0.216667 0.383333 0.0149472
0.233333 0.383333 0.0157635
0.25 0.383333 0.0165314
0.266667 0.383333 0.0172508
0.283333 0.383333 0.0179215
0.3 0.383333 0.0185436
0.316667 0.383333 0.0191168
0.333333 0.383333 0.0196411
0.35 0.383333 0.0201163
0.366667 0.383333 0.0205425
0.383333 0.383333 0.0209194
0.4 0.383333 0.021247
0.416667 0.383333 0.0215253
0.433333 0.383333 0.0217541
0.45 0.383333 0.0219335
0.466667 0.383333 0.0220633
0.483333 0.383333 0.0221435
0.5 0.383333 0.0221741
0.516667 0.383333 0.0221549
0.533333 0.383333 0.0220861
0.55 0.383333 0.0219675
0.566667 0.383333 0.0217991
0.583333 0.383333 0.0215809
0.6 0.383333 0.0213129
0.616667 0.383333 0.020995
0.633333 0.383333 0.0206274
0.65 0.383333 0.0202099
0.666667 0.383333 0.0197427
0.683333 0.383333 0.0192256
0.7 0.383333 0.0186587
0.716667 0.383333 0.0180421
0.733333 0.383333 0.0173758
0.75 0.383333 0.0166598
0.766667 0.383333 0.0158942
0.783333 0.383333 0.015079
0.8 0.383333 0.0142142
0.816667 0.383333 0.0133
0.833333 0.383333 0.0123363
0.85 0.383333 0.0113233
0.866667 0.383333 0.010261
0.883333 0.383333 0.00914957
0.9 0.383333 0.00798901
0.916667 0.383333 0.00677943
0.933333 0.383333 0.00552094
0.95 0.383333 0.00421365
0.966667 0.383333 0.00285765
0.983333 0.383333 0.00145306
0.0166667 0.4 0.00127756
0.0333333 0.4 0.002514
0.05 0.4 0.00370914
0.0666667 0.4 0.0048628
0.0833333 0.4 0.00597482
0.1 0.4 0.00704501
0.116667 0.4 0.00807323
0.133333 0.4 0.00905932
0.15 0.4 0.0100031
0.166667 0.4 0.0109045
0.183333 0.4 0.0117632
0.2 0.4 0.0125793
0.216667 0.4 0.0133525
0.233333 0.4 0.0140827
0.25 0.4 0.0147699
0.266667 0.4 0.0154137
0.283333 0.4 0.0160143
0.3 0.4 0.0165714
0.316667 0.4 0.0170849
0.333333 0.4 0.0175548
0.35 0.4 0.0179809
0.366667 0.4 0.0183632
0.383333 0.4 0.0187016
0.4 0.4 0.0189959
0.416667 0.4 0.0192462
0.433333 0.4 0.0194523
0.45 0.4 0.0196142
0.466667 0.4 0.0197317
0.483333 0.4 0.019805
0.5 0.4 0.0198338
0.516667 0.4 0.0198182
0.533333 0.4 0.0197582
0.55 0.4 0.0196536
0.566667 0.4 0.0195044
0.583333 0.4 0.0193107
0.6 0.4 0.0190723
0.616667 0.4 0.0187894
0.633333 0.4 0.0184618
0.65 0.4 0.0180896
0.666667 0.4 0.0176727
0.683333 0.4 0.0172112
0.7 0.4 0.016705
0.716667 0.4 0.0161542
0.733333 0.4 0.0155589
0.75 0.4 0.0149189
0.766667 0.4 0.0142344
0.783333 0.4 0.0135054
0.8 0.4 0.0127319
0.816667 0.4 0.0119139
0.833333 0.4 0.0110516
0.85 0.4 0.0101449
0.866667 0.4 0.00919386
0.883333 0.4 0.00819865
0.9 0.4 0.00715927
0.916667 0.4 0.00607581
0.933333 0.4 0.00494833
0.95 0.4 0.00377693
0.966667 0.4 0.00256167
0.983333 0.4 0.00130267
0.0166667 0.416667 0.00110654
0.0333333 0.416667 0.00217763
0.05 0.416667 0.00321311
0.0666667 0.416667 0.00421281
0.0833333 0.416667 0.00517658
0.1 0.416667 0.00610426
0.116667 0.416667 0.00699571
0.133333 0.416667 0.00785077
0.15 0.416667 0.00866932
0.166667 0.416667 0.0094512
0.183333 0.416667 0.0101963
0.2 0.416667 0.0109045
0.216667 0.416667 0.0115756
0.233333 0.416667 0.0122096
0.25 0.416667 0.0128062
0.266667 0.416667 0.0133655
0.283333 0.416667 0.0138873
0.3 0.416667 0.0143715
0.316667 0.416667 0.0148179
0.333333 0.416667 0.0152266
0.35 0.416667 0.0155973
0.366667 0.416667 0.0159301
0.383333 0.416667 0.0162248
0.4 0.416667 0.0164814
0.416667 0.416667 0.0166997
0.433333 0.416667 0.0168798
0.45 0.416667 0.0170215
0.466667 0.416667 0.0171248
0.483333 0.416667 0.0171896
0.5 0.416667 0.0172159
0.516667 0.416667 0.0172036
0.533333 0.416667 0.0171526
0.55 0.416667 0.017063
0.566667 0.416667 0.0169348
0.583333 0.416667 0.0167678
0.6 0.416667 0.016562
0.616667 0.416667 0.0163174
0.633333 0.416667 0.0160341
0.65 0.416667 0.0157119
0.666667 0.416667 0.0153509
0.683333 0.416667 0.0149511
0.7 0.416667 0.0145124
0.716667 0.416667 0.0140349
0.733333 0.416667 0.0135186
0.75 0.416667 0.0129635
0.766667 0.416667 0.0123696
0.783333 0.416667 0.0117369
0.8 0.416667 0.0110654
0.816667 0.416667 0.0103552
0.833333 0.416667 0.00960636
0.85 0.416667 0.00881884
0.866667 0.416667 0.0079927
0.883333 0.416667 0.007128
0.9 0.416667 0.00622479
0.916667 0.416667 0.00528311
0.933333 0.416667 0.00430303
0.95 0.416667 0.00328461
0.966667 0.416667 0.00222791
0.983333 0.416667 0.00113302
0.0166667 0.433333 0.000918517
0.0333333 0.433333 0.00180775
0.05 0.433333 0.00266756
0.0666667 0.433333 0.0034978
0.0833333 0.433333 0.00429834
0.1 0.433333 0.00506903
0.116667 0.433333 0.00580974
0.133333 0.433333 0.00652036
0.15 0.433333 0.00720074
0.166667 0.433333 0.00785077
0.183333 0.433333 0.00847034
0.2 0.433333 0.00905932
0.216667 0.433333 0.0096176
0.233333 0.433333 0.0101451
0.25 0.433333 0.0106417
0.266667 0.433333 0.0111072
0.283333 0.433333 0.0115417
0.3 0.433333 0.0119449
0.316667 0.433333 0.0123169
0.333333 0.433333 0.0126575
0.35 0.433333 0.0129666
0.366667 0.433333 0.0132442
0.383333 0.433333 0.0134902
0.4 0.433333 0.0137045
0.416667 0.433333 0.013887
0.433333 0.433333 0.0140377
0.45 0.433333 0.0141565
0.466667 0.433333 0.0142434
0.483333 0.433333 0.0142983
0.5 0.433333 0.0143211
0.516667 0.433333 0.0143118
0.533333 0.433333 0.0142704
0.55 0.433333 0.0141968
0.566667 0.433333 0.014091
0.583333 0.433333 0.013953
0.6 0.433333 0.0137826
0.616667 0.433333 0.01358
0.633333 0.433333 0.013345
0.65 0.433333 0.0130777
0.666667 0.433333 0.0127781
0.683333 0.433333 0.012446
0.7 0.433333 0.0120816
0.716667 0.433333 0.0116848
0.733333 0.433333 0.0112557
0.75 0.433333 0.0107941
0.766667 0.433333 0.0103002
0.783333 0.433333 0.00977398
0.8 0.433333 0.00921538
0.816667 0.433333 0.00862445
0.833333 0.433333 0.00800123
0.85 0.433333 0.00734573
0.866667 0.433333 0.00665799
0.883333 0.433333 0.00593803
0.9 0.433333 0.00518591
0.916667 0.433333 0.00440164
0.933333 0.433333 0.00358529
0.95 0.433333 0.0027369
0.966667 0.433333 0.00185651
0.983333 0.433333 0.000944195
0.0166667 0.45 0.000713666
0.0333333 0.45 0.0014047
0.05 0.45 0.00207298
0.0666667 0.45 0.00271838
0.0833333 0.45 0.0033408
0.1 0.45 0.00394012
0.116667 0.45 0.00451623
0.133333 0.45 0.00506903
0.15 0.45 0.0055984
0.166667 0.45 0.00610426
0.183333 0.45 0.00658649
0.2 0.45 0.00704501
0.216667 0.45 0.00747973
0.233333 0.45 0.00789054
0.25 0.45 0.00827737
0.266667 0.45 0.00864012
0.283333 0.45 0.00897873
0.3 0.45 0.0092931
0.316667 0.45 0.00958317
0.333333 0.45 0.00984885
0.35 0.45 0.0100901
0.366667 0.45 0.0103068
0.383333 0.45 0.0104989
0.4 0.45 0.0106664
0.416667 0.45 0.0108092
0.433333 0.45 0.0109272
0.45 0.45 0.0110204
0.466667 0.45 0.0110888
0.483333 0.45 0.0111322
0.5 0.45 0.0111507
0.516667 0.45 0.0111441
0.533333 0.45 0.0111126
0.55 0.45 0.011056
0.566667 0.45 0.0109742
0.583333 0.45 0.0108674
0.6 0.45 0.0107353
0.616667 0.45 0.0105781
0.633333 0.45 0.0103957
0.65 0.45 0.010188
0.666667 0.45 0.00995516
0.683333 0.45 0.00969703
0.7 0.45 0.00941363
0.716667 0.45 0.00910496
0.733333 0.45 0.00877103
0.75 0.45 0.00841182
0.766667 0.45 0.00802735
0.783333 0.45 0.00761761
0.8 0.45 0.00718262
0.816667 0.45 0.00672238
0.833333 0.45 0.00623692
0.85 0.45 0.00572624
0.866667 0.45 0.00519038
0.883333 0.45 0.00462934
0.9 0.45 0.00404317
0.916667 0.45 0.00343188
0.933333 0.45 0.00279552
0.95 0.45 0.00213411
0.966667 0.45 0.00144769
0.983333 0.45 0.000736305
0.0166667 0.466667 0.000492169
0.0333333 0.466667 0.000968812
0.05 0.466667 0.00142984
0.0666667 0.466667 0.00187517
0.0833333 0.466667 0.00230471
0.1 0.466667 0.00271838
0.116667 0.466667 0.00311611
0.133333 0.466667 0.0034978
0.15 0.466667 0.0038634
0.166667 0.466667 0.00421281
0.183333 0.466667 0.00454597
0.2 0.466667 0.0048628
0.216667 0.466667 0.00516325
0.233333 0.466667 0.00544724
0.25 0.466667 0.0057147
0.266667 0.466667 0.00596558
0.283333 0.466667 0.0061998
0.3 0.466667 0.00641733
0.316667 0.466667 0.00661809
0.333333 0.466667 0.00680203
0.35 0.466667 0.0069691
0.366667 0.466667 0.00711926
0.383333 0.466667 0.00725244
0.4 0.466667 0.00736861
0.416667 0.466667 0.00746772
0.433333 0.466667 0.00754973
0.45 0.466667 0.00761459
0.466667 0.466667 0.00766228
0.483333 0.466667 0.00769275
0.5 0.466667 0.00770597
0.516667 0.466667 0.0077019
0.533333 0.466667 0.00768053
0.55 0.466667 0.00764182
0.566667 0.466667 0.00758574
0.583333 0.466667 0.00751227
0.6 0.466667 0.0074214
0.616667 0.466667 0.0073131
0.633333 0.466667 0.00718735
0.65 0.466667 0.00704414
0.666667 0.466667 0.00688347
0.683333 0.466667 0.0067053
0.7 0.466667 0.00650965
0.716667 0.466667 0.0062965
0.733333 0.466667 0.00606584
0.75 0.466667 0.00581768
0.766667 0.466667 0.00555202
0.783333 0.466667 0.00526886
0.8 0.466667 0.0049682
0.816667 0.466667 0.00465005
0.833333 0.466667 0.00431441
0.85 0.466667 0.00396131
0.866667 0.466667 0.00359074
0.883333 0.466667 0.00320274
0.9 0.466667 0.0027973
0.916667 0.466667 0.00237447
0.933333 0.466667 0.00193424
0.95 0.466667 0.00147666
0.966667 0.466667 0.00100173
0.983333 0.466667 0.000509506
0.0166667 0.483333 0.000254214
0.0333333 0.483333 0.000500453
0.05 0.483333 0.000738668
0.0666667 0.483333 0.000968812
0.0833333 0.483333 0.00119084
0.1 0.483333 0.0014047
0.116667 0.483333 0.00161035
0.133333 0.483333 0.00180775
0.15 0.483333 0.00199686
0.166667 0.483333 0.00217763
0.183333 0.483333 0.00235002
0.2 0.483333 0.002514
0.216667 0.483333 0.00266953
0.233333 0.483333 0.00281656
0.25 0.483333 0.00295507
0.266667 0.483333 0.00308502
0.283333 0.483333 0.00320637
0.3 0.483333 0.0033191
0.316667 0.483333 0.00342316
0.333333 0.483333 0.00351854
0.35 0.483333 0.0036052
0.366667 0.483333 0.00368311
0.383333 0.483333 0.00375225
0.4 0.483333 0.00381258
0.416667 0.483333 0.0038641
0.433333 0.483333 0.00390676
0.45 0.483333 0.00394055
0.466667 0.483333 0.00396545
0.483333 0.483333 0.00398144
0.5 0.483333 0.0039885
0.516667 0.483333 0.00398661
0.533333 0.483333 0.00397575
0.55 0.483333 0.00395591
0.566667 0.483333 0.00392708
0.583333 0.483333 0.00388923
0.6 0.483333 0.00384237
0.616667 0.483333 0.00378647
0.633333 0.483333 0.00372153
0.65 0.483333 0.00364754
0.666667 0.483333 0.00356448
0.683333 0.483333 0.00347237
0.7 0.483333 0.00337118
0.716667 0.483333 0.00326092
0.733333 0.483333 0.00314159
0.75 0.483333 0.00301317
0.766667 0.483333 0.00287568
0.783333 0.483333 0.00272911
0.8 0.483333 0.00257346
0.816667 0.483333 0.00240874
0.833333 0.483333 0.00223495
0.85 0.483333 0.00205209
0.866667 0.483333 0.00186018
0.883333 0.483333 0.00165922
0.9 0.483333 0.00144922
0.916667 0.483333 0.00123019
0.933333 0.483333 0.00100213
0.95 0.483333 0.000765075
0.966667 0.483333 0.000519024
0.983333 0.483333 0.000263993
