0.02 0.02 0.000376273
0.04 0.02 0.000737054
0.06 0.02 0.00108222
0.08 0.02 0.00141165
0.1 0.02 0.00172525
0.12 0.02 0.00202293
0.14 0.02 0.00230461
0.16 0.02 0.00257022
0.18 0.02 0.00281971
0.2 0.02 0.00305303
0.22 0.02 0.00327015
0.24 0.02 0.00347104
0.26 0.02 0.00365571
0.28 0.02 0.00382414
0.3 0.02 0.00397636
0.32 0.02 0.00411239
0.34 0.02 0.00423226
0.36 0.02 0.00433603
0.38 0.02 0.00442374
0.4 0.02 0.00449548
0.42 0.02 0.00455132
0.44 0.02 0.00459135
0.46 0.02 0.00461568
0.48 0.02 0.00462443
0.5 0.02 0.00461771
0.52 0.02 0.00459567
0.54 0.02 0.00455845
0.56 0.02 0.00450621
0.58 0.02 0.00443911
0.6 0.02 0.00435734
0.62 0.02 0.00426108
0.64 0.02 0.00415054
0.66 0.02 0.00402591
0.68 0.02 0.00388742
0.7 0.02 0.00373529
0.72 0.02 0.00356977
0.74 0.02 0.0033911
0.76 0.02 0.00319953
0.78 0.02 0.00299534
0.8 0.02 0.00277878
0.82 0.02 0.00255016
0.84 0.02 0.00230976
0.86 0.02 0.00205787
0.88 0.02 0.00179481
0.9 0.02 0.00152089
0.92 0.02 0.00123644
0.94 0.02 0.00094178
0.96 0.02 0.000637256
0.98 0.02 0.000323212
0.02 0.04 0.000721055
0.04 0.04 0.00141245
0.06 0.04 0.00207398
0.08 0.04 0.00270542
0.1 0.04 0.00330662
0.12 0.04 0.00387739
0.14 0.04 0.00441761
0.16 0.04 0.00492715
0.18 0.04 0.00540592
0.2 0.04 0.00585383
0.22 0.04 0.00627084
0.24 0.04 0.00665689
0.26 0.04 0.00701197
0.28 0.04 0.00733609
0.3 0.04 0.00762926
0.32 0.04 0.00789153
0.34 0.04 0.00812297
0.36 0.04 0.00832365
0.38 0.04 0.00849368
0.4 0.04 0.00863317
0.42 0.04 0.00874228
0.44 0.04 0.00882116
0.46 0.04 0.00887
0.48 0.04 0.008889
0.5 0.04 0.00887837
0.52 0.04 0.00883836
0.54 0.04 0.00876922
0.56 0.04 0.00867123
0.58 0.04 0.00854469
0.6 0.04 0.0083899
0.62 0.04 0.00820721
0.64 0.04 0.00799696
0.66 0.04 0.00775952
0.68 0.04 0.00749527
0.7 0.04 0.00720462
0.72 0.04 0.00688798
0.74 0.04 0.0065458
0.76 0.04 0.00617852
0.78 0.04 0.00578662
0.8 0.04 0.00537057
0.82 0.04 0.00493089
0.84 0.04 0.00446808
0.86 0.04 0.00398268
0.88 0.04 0.00347524
0.9 0.04 0.00294631
0.92 0.04 0.00239647
0.94 0.04 0.00182632
0.96 0.04 0.00123644
0.98 0.04 0.000627456
0.02 0.06 0.00103423
0.04 0.06 0.00202598
0.06 0.06 0.00297496
0.08 0.06 0.0038809
0.1 0.06 0.00474356
0.12 0.06 0.00556274
0.14 0.06 0.00633824
0.16 0.06 0.0070699
0.18 0.06 0.0077576
0.2 0.06 0.00840123
0.22 0.06 0.0090007
0.24 0.06 0.00955597
0.26 0.06 0.010067
0.28 0.06 0.0105338
0.3 0.06 0.0109564
0.32 0.06 0.0113349
0.34 0.06 0.0116693
0.36 0.06 0.0119597
0.38 0.06 0.0122063
0.4 0.06 0.0124093
0.42 0.06 0.0125687
0.44 0.06 0.0126849
0.46 0.06 0.012758
0.48 0.06 0.0127884
0.5 0.06 0.0127763
0.52 0.06 0.012722
0.54 0.06 0.0126258
0.56 0.06 0.0124882
0.58 0.06 0.0123096
0.6 0.06 0.0120902
0.62 0.06 0.0118306
0.64 0.06 0.0115312
0.66 0.06 0.0111926
0.68 0.06 0.0108151
0.7 0.06 0.0103994
0.72 0.06 0.00994597
0.74 0.06 0.00945542
0.76 0.06 0.00892834
0.78 0.06 0.00836534
0.8 0.06 0.00776708
0.82 0.06 0.0071342
0.84 0.06 0.00646739
0.86 0.06 0.00576736
0.88 0.06 0.00503483
0.9 0.06 0.00427053
0.92 0.06 0.00347524
0.94 0.06 0.00264973
0.96 0.06 0.00179481
0.98 0.06 0.000911287
0.02 0.08 0.00131571
0.04 0.08 0.00257746
0.06 0.08 0.00378491
0.08 0.08 0.00493774
0.1 0.08 0.00603567
0.12 0.08 0.00707846
0.14 0.08 0.00806588
0.16 0.08 0.00899774
0.18 0.08 0.00987389
0.2 0.08 0.0106942
0.22 0.08 0.0114586
0.24 0.08 0.0121669
0.26 0.08 0.0128192
0.28 0.08 0.0134155
0.3 0.08 0.0139558
0.32 0.08 0.0144401
0.34 0.08 0.0148686
0.36 0.08 0.0152413
0.38 0.08 0.0155584
0.4 0.08 0.0158202
0.42 0.08 0.0160267
0.44 0.08 0.0161782
0.46 0.08 0.0162751
0.48 0.08 0.0163176
0.5 0.08 0.0163061
0.52 0.08 0.0162408
0.54 0.08 0.0161223
0.56 0.08 0.0159509
0.58 0.08 0.015727
0.6 0.08 0.0154512
0.62 0.08 0.0151239
0.64 0.08 0.0147458
0.66 0.08 0.0143172
0.68 0.08 0.0138389
0.7 0.08 0.0133115
0.72 0.08 0.0127355
0.74 0.08 0.0121117
0.76 0.08 0.0114408
0.78 0.08 0.0107234
0.8 0.08 0.00996041
0.82 0.08 0.00915249
0.84 0.08 0.00830045
0.86 0.08 0.00740514
0.88 0.08 0.00646739
0.9 0.08 0.00548807
0.92 0.08 0.00446808
0.94 0.08 0.00340833
0.96 0.08 0.00230976
0.98 0.08 0.00117332
0.02 0.1 0.00156542
0.04 0.1 0.00306676
0.06 0.1 0.00450363
0.08 0.1 0.00587568
0.1 0.1 0.00718262
0.12 0.1 0.00842415
0.14 0.1 0.00960003
0.16 0.1 0.0107101
0.18 0.1 0.0117541
0.2 0.1 0.0127319
0.22 0.1 0.0136434
0.24 0.1 0.0144886
0.26 0.1 0.0152673
0.28 0.1 0.0159797
0.3 0.1 0.0166256
0.32 0.1 0.0172052
0.34 0.1 0.0177186
0.36 0.1 0.0181658
0.38 0.1 0.0185471
0.4 0.1 0.0188627
0.42 0.1 0.0191127
0.44 0.1 0.0192974
0.46 0.1 0.0194171
0.48 0.1 0.0194721
0.5 0.1 0.0194628
0.52 0.1 0.0193896
0.54 0.1 0.0192529
0.56 0.1 0.0190531
0.58 0.1 0.0187907
0.6 0.1 0.0184662
0.62 0.1 0.0180803
0.64 0.1 0.0176334
0.66 0.1 0.0171261
0.68 0.1 0.0165592
0.7 0.1 0.0159332
0.72 0.1 0.0152489
0.74 0.1 0.0145069
0.76 0.1 0.0137081
0.78 0.1 0.0128533
0.8 0.1 0.0119431
0.82 0.1 0.0109785
0.84 0.1 0.00996041
0.86 0.1 0.00888962
0.88 0.1 0.00776708
0.9 0.1 0.00659374
0.92 0.1 0.00537057
0.94 0.1 0.00409858
0.96 0.1 0.00277878
0.98 0.1 0.00141223
0.02 0.12 0.00178333
0.04 0.12 0.0034938
0.06 0.12 0.005131
0.08 0.12 0.00669457
0.1 0.12 0.00818417
0.12 0.12 0.00959951
0.14 0.12 0.0109403
0.16 0.12 0.0122064
0.18 0.12 0.0133975
0.2 0.12 0.0145136
0.22 0.12 0.0155544
0.24 0.12 0.0165199
0.26 0.12 0.01741
0.28 0.12 0.0182248
0.3 0.12 0.0189642
0.32 0.12 0.0196283
0.34 0.12 0.0202171
0.36 0.12 0.0207309
0.38 0.12 0.0211697
0.4 0.12 0.0215338
0.42 0.12 0.0218233
0.44 0.12 0.0220386
0.46 0.12 0.0221799
0.48 0.12 0.0222475
0.5 0.12 0.0222419
0.52 0.12 0.0221633
0.54 0.12 0.0220123
0.56 0.12 0.0217893
0.58 0.12 0.0214947
0.6 0.12 0.0211292
0.62 0.12 0.0206932
0.64 0.12 0.0201874
0.66 0.12 0.0196124
0.68 0.12 0.0189688
0.7 0.12 0.0182573
0.72 0.12 0.0174787
0.74 0.12 0.0166337
0.76 0.12 0.0157231
0.78 0.12 0.0147476
0.8 0.12 0.0137081
0.82 0.12 0.0126056
0.84 0.12 0.0114408
0.86 0.12 0.0102147
0.88 0.12 0.00892834
0.9 0.12 0.0075826
0.92 0.12 0.00617852
0.94 0.12 0.00471714
0.96 0.12 0.00319953
0.98 0.12 0.00162678
0.02 0.14 0.00196942
0.04 0.14 0.00385854
0.06 0.14 0.00566696
0.08 0.14 0.00739429
0.1 0.14 0.0090402
0.12 0.14 0.0106044
0.14 0.14 0.0120865
0.16 0.14 0.0134864
0.18 0.14 0.0148039
0.2 0.14 0.0160387
0.22 0.14 0.0171908
0.24 0.14 0.0182601
0.26 0.14 0.0192464
0.28 0.14 0.0201497
0.3 0.14 0.0209702
0.32 0.14 0.0217077
0.34 0.14 0.0223624
0.36 0.14 0.0229344
0.38 0.14 0.0234239
0.4 0.14 0.0238309
0.42 0.14 0.0241558
0.44 0.14 0.0243987
0.46 0.14 0.02456
0.48 0.14 0.02464
0.5 0.14 0.0246391
0.52 0.14 0.0245575
0.54 0.14 0.0243958
0.56 0.14 0.0241543
0.58 0.14 0.0238337
0.6 0.14 0.0234343
0.62 0.14 0.0229567
0.64 0.14 0.0224016
0.66 0.14 0.0217696
0.68 0.14 0.0210612
0.7 0.14 0.0202772
0.72 0.14 0.0194183
0.74 0.14 0.0184852
0.76 0.14 0.0174787
0.78 0.14 0.0163997
0.8 0.14 0.0152489
0.82 0.14 0.0140272
0.84 0.14 0.0127355
0.86 0.14 0.0113748
0.88 0.14 0.00994597
0.9 0.14 0.00845003
0.92 0.14 0.00688798
0.94 0.14 0.00526087
0.96 0.14 0.00356977
0.98 0.14 0.00181577
0.02 0.16 0.00212369
0.04 0.16 0.004161
0.06 0.16 0.00611152
0.08 0.16 0.00797486
0.1 0.16 0.00975068
0.12 0.16 0.0114387
0.14 0.16 0.0130385
0.16 0.16 0.01455
0.18 0.16 0.0159729
0.2 0.16 0.017307
0.22 0.16 0.0185523
0.24 0.16 0.0197085
0.26 0.16 0.0207756
0.28 0.16 0.0217536
0.3 0.16 0.0226424
0.32 0.16 0.0234422
0.34 0.16 0.0241528
0.36 0.16 0.0247745
0.38 0.16 0.0253074
0.4 0.16 0.0257516
0.42 0.16 0.0261073
0.44 0.16 0.0263748
0.46 0.16 0.0265543
0.48 0.16 0.0266461
0.5 0.16 0.0266505
0.52 0.16 0.026568
0.54 0.16 0.0263988
0.56 0.16 0.0261435
0.58 0.16 0.0258025
0.6 0.16 0.0253762
0.62 0.16 0.0248653
0.64 0.16 0.0242703
0.66 0.16 0.0235917
0.68 0.16 0.0228302
0.7 0.16 0.0219865
0.72 0.16 0.0210612
0.74 0.16 0.020055
0.76 0.16 0.0189688
0.78 0.16 0.0178032
0.8 0.16 0.0165592
0.82 0.16 0.0152374
0.84 0.16 0.0138389
0.86 0.16 0.0123645
0.88 0.16 0.0108151
0.9 0.16 0.0091917
0.92 0.16 0.00749527
0.94 0.16 0.00572683
0.96 0.16 0.00388742
0.98 0.16 0.00197811
0.02 0.18 0.00224617
0.04 0.18 0.00440122
0.06 0.18 0.00646473
0.08 0.18 0.00843633
0.1 0.18 0.0103157
0.12 0.18 0.0121024
0.14 0.18 0.0137963
0.16 0.18 0.015397
0.18 0.18 0.0169044
0.2 0.18 0.0183182
0.22 0.18 0.0196384
0.24 0.18 0.0208647
0.26 0.18 0.0219972
0.28 0.18 0.0230356
0.3 0.18 0.0239801
0.32 0.18 0.0248305
0.34 0.18 0.0255871
0.36 0.18 0.0262497
0.38 0.18 0.0268186
0.4 0.18 0.0272939
0.42 0.18 0.0276757
0.44 0.18 0.0279642
0.46 0.18 0.0281597
0.48 0.18 0.0282625
0.5 0.18 0.0282728
0.52 0.18 0.028191
0.54 0.18 0.0280174
0.56 0.18 0.0277525
0.58 0.18 0.0273966
0.6 0.18 0.0269502
0.62 0.18 0.0264139
0.64 0.18 0.0257881
0.66 0.18 0.0250733
0.68 0.18 0.0242703
0.7 0.18 0.0233795
0.72 0.18 0.0224016
0.74 0.18 0.0213374
0.76 0.18 0.0201874
0.78 0.18 0.0189525
0.8 0.18 0.0176334
0.82 0.18 0.0162309
0.84 0.18 0.0147458
0.86 0.18 0.0131789
0.88 0.18 0.0115312
0.9 0.18 0.0098036
0.92 0.18 0.00799696
0.94 0.18 0.00611227
0.96 0.18 0.00415054
0.98 0.18 0.00211276
0.02 0.2 0.00233691
0.04 0.2 0.0045793
0.06 0.2 0.00672675
0.08 0.2 0.00877888
0.1 0.2 0.0107353
0.12 0.2 0.0125958
0.14 0.2 0.01436
0.16 0.2 0.0160276
0.18 0.2 0.0175985
0.2 0.2 0.0190723
0.22 0.2 0.0204491
0.24 0.2 0.0217285
0.26 0.2 0.0229106
0.28 0.2 0.0239952
0.3 0.2 0.0249823
0.32 0.2 0.0258719
0.34 0.2 0.026664
0.36 0.2 0.0273587
0.38 0.2 0.0279559
0.4 0.2 0.0284559
0.42 0.2 0.0288588
0.44 0.2 0.0291647
0.46 0.2 0.0293738
0.48 0.2 0.0294864
0.5 0.2 0.0295028
0.52 0.2 0.0294232
0.54 0.2 0.0292479
0.56 0.2 0.0289773
0.58 0.2 0.0286119
0.6 0.2 0.0281519
0.62 0.2 0.0275978
0.64 0.2 0.0269502
0.66 0.2 0.0262095
0.68 0.2 0.0253762
0.7 0.2 0.024451
0.72 0.2 0.0234343
0.74 0.2 0.0223268
0.76 0.2 0.0211292
0.78 0.2 0.0198421
0.8 0.2 0.0184662
0.82 0.2 0.0170024
0.84 0.2 0.0154512
0.86 0.2 0.0138135
0.88 0.2 0.0120902
0.9 0.2 0.010282
0.92 0.2 0.0083899
0.94 0.2 0.0064147
0.96 0.2 0.00435734
0.98 0.2 0.00221879
0.02 0.22 0.00239601
0.04 0.22 0.0046954
0.06 0.22 0.00689776
0.08 0.22 0.00900272
0.1 0.22 0.0110099
0.12 0.22 0.0129191
0.14 0.22 0.0147298
0.16 0.22 0.016442
0.18 0.22 0.0180552
0.2 0.22 0.0195694
0.22 0.22 0.0209843
0.24 0.22 0.0222998
0.26 0.22 0.0235158
0.28 0.22 0.0246322
0.3 0.22 0.0256488
0.32 0.22 0.0265657
0.34 0.22 0.0273829
0.36 0.22 0.0281003
0.38 0.22 0.0287181
0.4 0.22 0.0292363
0.42 0.22 0.029655
0.44 0.22 0.0299743
0.46 0.22 0.0301944
0.48 0.22 0.0303155
0.5 0.22 0.0303379
0.52 0.22 0.0302616
0.54 0.22 0.0300872
0.56 0.22 0.0298147
0.58 0.22 0.0294447
0.6 0.22 0.0289773
0.62 0.22 0.0284131
0.64 0.22 0.0277525
0.66 0.22 0.0269957
0.68 0.22 0.0261435
0.7 0.22 0.0251962
0.72 0.22 0.0241543
0.74 0.22 0.0230185
0.76 0.22 0.0217893
0.78 0.22 0.0204672
0.8 0.22 0.0190531
0.82 0.22 0.0175474
0.84 0.22 0.0159509
0.86 0.22 0.0142642
0.88 0.22 0.0124882
0.9 0.22 0.0106236
0.92 0.22 0.00867123
0.94 0.22 0.0066318
0.96 0.22 0.00450621
0.98 0.22 0.00229531
0.02 0.24 0.00242355
0.04 0.24 0.00474969
0.06 0.24 0.00697803
0.08 0.24 0.0091082
0.1 0.24 0.0111398
0.12 0.24 0.0130726
0.14 0.24 0.0149063
0.16 0.24 0.0166405
0.18 0.24 0.0182751
0.2 0.24 0.0198098
0.22 0.24 0.0212444
0.24 0.24 0.0225788
0.26 0.24 0.0238128
0.28 0.24 0.0249463
0.3 0.24 0.0259792
0.32 0.24 0.0269115
0.34 0.24 0.0277431
0.36 0.24 0.028474
0.38 0.24 0.0291042
0.4 0.24 0.0296338
0.42 0.24 0.0300629
0.44 0.24 0.0303914
0.46 0.24 0.0306197
0.48 0.24 0.0307477
0.5 0.24 0.0307757
0.52 0.24 0.0307039
0.54 0.24 0.0305324
0.56 0.24 0.0302616
0.58 0.24 0.0298918
0.6 0.24 0.0294232
0.62 0.24 0.0288561
0.64 0.24 0.028191
0.66 0.24 0.0274281
0.68 0.24 0.026568
0.7 0.24 0.0256109
0.72 0.24 0.0245575
0.74 0.24 0.0234081
0.76 0.24 0.0221633
0.78 0.24 0.0208236
0.8 0.24 0.0193896
0.82 0.24 0.0178618
0.84 0.24 0.0162408
0.86 0.24 0.0145273
0.88 0.24 0.012722
0.9 0.24 0.0108254
0.92 0.24 0.00883836
0.94 0.24 0.00676153
0.96 0.24 0.00459567
0.98 0.24 0.00234157
0.02 0.26 0.00241966
0.04 0.26 0.00474242
0.06 0.26 0.00696789
0.08 0.26 0.0090957
0.1 0.26 0.0111255
0.12 0.26 0.013057
0.14 0.26 0.0148898
0.16 0.26 0.0166237
0.18 0.26 0.0182585
0.2 0.26 0.0197939
0.22 0.26 0.0212297
0.24 0.26 0.0225657
0.26 0.26 0.0238018
0.28 0.26 0.0249378
0.3 0.26 0.0259736
0.32 0.26 0.0269091
0.34 0.26 0.0277443
0.36 0.26 0.0284792
0.38 0.26 0.0291136
0.4 0.26 0.0296477
0.42 0.26 0.0300815
0.44 0.26 0.0304149
0.46 0.26 0.0306481
0.48 0.26 0.0307812
0.5 0.26 0.0308144
0.52 0.26 0.0307477
0.54 0.26 0.0305813
0.56 0.26 0.0303155
0.58 0.26 0.0299505
0.6 0.26 0.0294864
0.62 0.26 0.0289237
0.64 0.26 0.0282625
0.66 0.26 0.0275032
0.68 0.26 0.0266461
0.7 0.26 0.0256916
0.72 0.26 0.02464
0.74 0.26 0.0234919
0.76 0.26 0.0222475
0.78 0.26 0.0209074
0.8 0.26 0.0194721
0.82 0.26 0.017942
0.84 0.26 0.0163176
0.86 0.26 0.0145996
0.88 0.26 0.0127884
0.9 0.26 0.0108847
0.92 0.26 0.008889
0.94 0.26 0.00680204
0.96 0.26 0.00462443
0.98 0.26 0.00235685
0.02 0.28 0.0023845
0.04 0.28 0.00467387
0.06 0.28 0.00686773
0.08 0.28 0.00896572
0.1 0.28 0.0109675
0.12 0.28 0.0128727
0.14 0.28 0.0146811
0.16 0.28 0.0163923
0.18 0.28 0.0180061
0.2 0.28 0.0195223
0.22 0.28 0.0209407
0.24 0.28 0.022261
0.26 0.28 0.0234831
0.28 0.28 0.0246069
0.3 0.28 0.0256321
0.32 0.28 0.0265587
0.34 0.28 0.0273866
0.36 0.28 0.0281157
0.38 0.28 0.028746
0.4 0.28 0.0292774
0.42 0.28 0.02971
0.44 0.28 0.0300437
0.46 0.28 0.0302787
0.48 0.28 0.0304149
0.5 0.28 0.0304524
0.52 0.28 0.0303914
0.54 0.28 0.030232
0.56 0.28 0.0299743
0.58 0.28 0.0296184
0.6 0.28 0.0291647
0.62 0.28 0.0286132
0.64 0.28 0.0279642
0.66 0.28 0.027218
0.68 0.28 0.0263748
0.7 0.28 0.0254349
0.72 0.28 0.0243987
0.74 0.28 0.0232665
0.76 0.28 0.0220386
0.78 0.28 0.0207154
0.8 0.28 0.0192974
0.82 0.28 0.0177848
0.84 0.28 0.0161782
0.86 0.28 0.0144781
0.88 0.28 0.0126849
0.9 0.28 0.0107991
0.92 0.28 0.00882116
0.94 0.28 0.00675174
0.96 0.28 0.00459135
0.98 0.28 0.00234057
0.02 0.3 0.00231824
0.04 0.3 0.00454437
0.06 0.3 0.00667801
0.08 0.3 0.00871881
0.1 0.3 0.0106664
0.12 0.3 0.0125205
0.14 0.3 0.0142808
0.16 0.3 0.015947
0.18 0.3 0.0175188
0.2 0.3 0.0189959
0.22 0.3 0.0203783
0.24 0.3 0.0216655
0.26 0.3 0.0228576
0.28 0.3 0.0239542
0.3 0.3 0.0249552
0.32 0.3 0.0258605
0.34 0.3 0.02667
0.36 0.3 0.0273836
0.38 0.3 0.0280012
0.4 0.3 0.0285227
0.42 0.3 0.0289481
0.44 0.3 0.0292774
0.46 0.3 0.0295106
0.48 0.3 0.0296477
0.5 0.3 0.0296888
0.52 0.3 0.0296338
0.54 0.3 0.029483
0.56 0.3 0.0292363
0.58 0.3 0.0288939
0.6 0.3 0.0284559
0.62 0.3 0.0279225
0.64 0.3 0.0272939
0.66 0.3 0.0265702
0.68 0.3 0.0257516
0.7 0.3 0.0248384
0.72 0.3 0.0238309
0.74 0.3 0.0227293
0.76 0.3 0.0215338
0.78 0.3 0.0202448
0.8 0.3 0.0188627
0.82 0.3 0.0173877
0.84 0.3 0.0158202
0.86 0.3 0.0141606
0.88 0.3 0.0124093
0.9 0.3 0.0105666
0.92 0.3 0.00863317
0.94 0.3 0.00660929
0.96 0.3 0.00449548
0.98 0.3 0.00229221
0.02 0.32 0.00222107
0.04 0.32 0.00435428
0.06 0.32 0.00639925
0.08 0.32 0.00835562
0.1 0.32 0.0102231
0.12 0.32 0.0120012
0.14 0.32 0.0136899
0.16 0.32 0.0152886
0.18 0.32 0.0167973
0.2 0.32 0.0182156
0.22 0.32 0.0195433
0.24 0.32 0.0207801
0.26 0.32 0.0219259
0.28 0.32 0.0229804
0.3 0.32 0.0239436
0.32 0.32 0.0248152
0.34 0.32 0.0255951
0.36 0.32 0.0262832
0.38 0.32 0.0268794
0.4 0.32 0.0273836
0.42 0.32 0.0277957
0.44 0.32 0.0281157
0.46 0.32 0.0283435
0.48 0.32 0.0284792
0.5 0.32 0.0285227
0.52 0.32 0.028474
0.54 0.32 0.0283332
0.56 0.32 0.0281003
0.58 0.32 0.0277755
0.6 0.32 0.0273587
0.62 0.32 0.02685
0.64 0.32 0.0262497
0.66 0.32 0.0255578
0.68 0.32 0.0247745
0.7 0.32 0.0239
0.72 0.32 0.0229344
0.74 0.32 0.021878
0.76 0.32 0.0207309
0.78 0.32 0.0194934
0.8 0.32 0.0181658
0.82 0.32 0.0167484
0.84 0.32 0.0152413
0.86 0.32 0.013645
0.88 0.32 0.0119597
0.9 0.32 0.0101858
0.92 0.32 0.00832365
0.94 0.32 0.00637359
0.96 0.32 0.00433603
0.98 0.32 0.00221136
0.02 0.34 0.00209323
0.04 0.34 0.00410402
0.06 0.34 0.00603202
0.08 0.34 0.00787687
0.1 0.34 0.00963825
0.12 0.34 0.0113158
0.14 0.34 0.0129093
0.16 0.34 0.0144184
0.18 0.34 0.0158429
0.2 0.34 0.0171824
0.22 0.34 0.0184368
0.24 0.34 0.0196057
0.26 0.34 0.0206891
0.28 0.34 0.0216866
0.3 0.34 0.0225982
0.32 0.34 0.0234235
0.34 0.34 0.0241626
0.36 0.34 0.0248152
0.38 0.34 0.0253812
0.4 0.34 0.0258605
0.42 0.34 0.026253
0.44 0.34 0.0265587
0.46 0.34 0.0267774
0.48 0.34 0.0269091
0.5 0.34 0.0269538
0.52 0.34 0.0269115
0.54 0.34 0.0267821
0.56 0.34 0.0265657
0.58 0.34 0.0262623
0.6 0.34 0.0258719
0.62 0.34 0.0253947
0.64 0.34 0.0248305
0.66 0.34 0.0241797
0.68 0.34 0.0234422
0.7 0.34 0.0226181
0.72 0.34 0.0217077
0.74 0.34 0.020711
0.76 0.34 0.0196283
0.78 0.34 0.0184596
0.8 0.34 0.0172052
0.82 0.34 0.0158653
0.84 0.34 0.0144401
0.86 0.34 0.0129299
0.88 0.34 0.0113349
0.9 0.34 0.00965534
0.92 0.34 0.00789153
0.94 0.34 0.00604378
0.96 0.34 0.00411239
0.98 0.34 0.00209768
0.02 0.36 0.00193494
0.04 0.36 0.00379405
0.06 0.36 0.00557697
0.08 0.36 0.00728338
0.1 0.36 0.00891294
0.12 0.36 0.0104654
0.14 0.36 0.0119403
0.16 0.36 0.0133375
0.18 0.36 0.0146567
0.2 0.36 0.0158977
0.22 0.36 0.0170601
0.24 0.36 0.0181437
0.26 0.36 0.0191484
0.28 0.36 0.0200739
0.3 0.36 0.02092
0.32 0.36 0.0216866
0.34 0.36 0.0223735
0.36 0.36 0.0229804
0.38 0.36 0.0235074
0.4 0.36 0.0239542
0.42 0.36 0.0243207
0.44 0.36 0.0246069
0.46 0.36 0.0248126
0.48 0.36 0.0249378
0.5 0.36 0.0249823
0.52 0.36 0.0249463
0.54 0.36 0.0248296
0.56 0.36 0.0246322
0.58 0.36 0.024354
0.6 0.36 0.0239952
0.62 0.36 0.0235557
0.64 0.36 0.0230356
0.66 0.36 0.0224349
0.68 0.36 0.0217536
0.7 0.36 0.0209919
0.72 0.36 0.0201497
0.74 0.36 0.0192273
0.76 0.36 0.0182248
0.78 0.36 0.0171422
0.8 0.36 0.0159797
0.82 0.36 0.0147374
0.84 0.36 0.0134155
0.86 0.36 0.0120143
0.88 0.36 0.0105338
0.9 0.36 0.00897435
0.92 0.36 0.00733609
0.94 0.36 0.00561927
0.96 0.36 0.00382414
0.98 0.36 0.00195096
0.02 0.38 0.00174648
0.04 0.38 0.00342487
0.06 0.38 0.00503482
0.08 0.38 0.00657602
0.1 0.38 0.00804815
0.12 0.38 0.00945092
0.14 0.38 0.010784
0.16 0.38 0.0120472
0.18 0.38 0.0132402
0.2 0.38 0.0143628
0.22 0.38 0.0154146
0.24 0.38 0.0163955
0.26 0.38 0.0173053
0.28 0.38 0.0181437
0.3 0.38 0.0189106
0.32 0.38 0.0196057
0.34 0.38 0.0202289
0.36 0.38 0.0207801
0.38 0.38 0.021259
0.4 0.38 0.0216655
0.42 0.38 0.0219996
0.44 0.38 0.022261
0.46 0.38 0.0224498
0.48 0.38 0.0225657
0.5 0.38 0.0226087
0.52 0.38 0.0225788
0.54 0.38 0.0224758
0.56 0.38 0.0222998
0.58 0.38 0.0220508
0.6 0.38 0.0217285
0.62 0.38 0.0213332
0.64 0.38 0.0208647
0.66 0.38 0.0203232
0.68 0.38 0.0197085
0.7 0.38 0.0190208
0.72 0.38 0.0182601
0.74 0.38 0.0174264
0.76 0.38 0.0165199
0.78 0.38 0.0155406
0.8 0.38 0.0144886
0.82 0.38 0.013364
0.84 0.38 0.0121669
0.86 0.38 0.0108975
0.88 0.38 0.00955597
0.9 0.38 0.00814236
0.92 0.38 0.00665689
0.94 0.38 0.00509972
0.96 0.38 0.00347104
0.98 0.38 0.00177107
0.02 0.4 0.00152815
0.04 0.4 0.00299703
0.06 0.4 0.00440633
0.08 0.4 0.00575576
0.1 0.4 0.00704501
0.12 0.4 0.00827383
0.14 0.4 0.00944192
0.16 0.4 0.010549
0.18 0.4 0.0115949
0.2 0.4 0.0125793
0.22 0.4 0.013502
0.24 0.4 0.0143628
0.26 0.4 0.0151614
0.28 0.4 0.0158977
0.3 0.4 0.0165714
0.32 0.4 0.0171824
0.34 0.4 0.0177305
0.36 0.4 0.0182156
0.38 0.4 0.0186374
0.4 0.4 0.0189959
0.42 0.4 0.0192909
0.44 0.4 0.0195223
0.46 0.4 0.01969
0.48 0.4 0.0197939
0.5 0.4 0.0198338
0.52 0.4 0.0198098
0.54 0.4 0.0197217
0.56 0.4 0.0195694
0.58 0.4 0.019353
0.6 0.4 0.0190723
0.62 0.4 0.0187274
0.64 0.4 0.0183182
0.66 0.4 0.0178448
0.68 0.4 0.017307
0.7 0.4 0.016705
0.72 0.4 0.0160387
0.74 0.4 0.0153082
0.76 0.4 0.0145136
0.78 0.4 0.0136547
0.8 0.4 0.0127319
0.82 0.4 0.011745
0.84 0.4 0.0106942
0.86 0.4 0.00957957
0.88 0.4 0.00840123
0.9 0.4 0.00715927
0.92 0.4 0.00585383
0.94 0.4 0.00448504
0.96 0.4 0.00305303
0.98 0.4 0.00155796
0.02 0.42 0.00128024
0.04 0.42 0.00251111
0.06 0.42 0.00369233
0.08 0.42 0.00482363
0.1 0.42 0.00590475
0.12 0.42 0.00693543
0.14 0.42 0.00791543
0.16 0.42 0.00884452
0.18 0.42 0.00972246
0.2 0.42 0.010549
0.22 0.42 0.011324
0.24 0.42 0.0120472
0.26 0.42 0.0127185
0.28 0.42 0.0133375
0.3 0.42 0.0139042
0.32 0.42 0.0144184
0.34 0.42 0.01488
0.36 0.42 0.0152886
0.38 0.42 0.0156444
0.4 0.42 0.015947
0.42 0.42 0.0161963
0.44 0.42 0.0163923
0.46 0.42 0.0165348
0.48 0.42 0.0166237
0.5 0.42 0.016659
0.52 0.42 0.0166405
0.54 0.42 0.0165682
0.56 0.42 0.016442
0.58 0.42 0.0162618
0.6 0.42 0.0160276
0.62 0.42 0.0157393
0.64 0.42 0.015397
0.66 0.42 0.0150006
0.68 0.42 0.01455
0.7 0.42 0.0140453
0.72 0.42 0.0134864
0.74 0.42 0.0128735
0.76 0.42 0.0122064
0.78 0.42 0.0114852
0.8 0.42 0.0107101
0.82 0.42 0.00988087
0.84 0.42 0.00899774
0.86 0.42 0.00806073
0.88 0.42 0.0070699
0.9 0.42 0.00602535
0.92 0.42 0.00492715
0.94 0.42 0.00377541
0.96 0.42 0.00257022
0.98 0.42 0.00131171
0.02 0.44 0.00100311
0.04 0.44 0.00196776
0.06 0.44 0.00289372
0.08 0.44 0.00378076
0.1 0.44 0.00462866
0.12 0.44 0.00543721
0.14 0.44 0.0062062
0.16 0.44 0.00693543
0.18 0.44 0.0076247
0.2 0.44 0.00827383
0.22 0.44 0.00888263
0.24 0.44 0.00945092
0.26 0.44 0.00997855
0.28 0.44 0.0104654
0.3 0.44 0.0109112
0.32 0.44 0.0113158
0.34 0.44 0.0116792
0.36 0.44 0.0120012
0.38 0.44 0.0122817
0.4 0.44 0.0125205
0.42 0.44 0.0127175
0.44 0.44 0.0128727
0.46 0.44 0.0129859
0.48 0.44 0.013057
0.5 0.44 0.0130859
0.52 0.44 0.0130726
0.54 0.44 0.013017
0.56 0.44 0.0129191
0.58 0.44 0.0127787
0.6 0.44 0.0125958
0.62 0.44 0.0123704
0.64 0.44 0.0121024
0.66 0.44 0.0117918
0.68 0.44 0.0114387
0.7 0.44 0.0110428
0.72 0.44 0.0106044
0.74 0.44 0.0101233
0.76 0.44 0.00959951
0.78 0.44 0.00903313
0.8 0.44 0.00842415
0.82 0.44 0.00777258
0.84 0.44 0.00707846
0.86 0.44 0.00634183
0.88 0.44 0.00556274
0.9 0.44 0.00474124
0.92 0.44 0.00387739
0.94 0.44 0.00297126
0.96 0.44 0.00202293
0.98 0.44 0.00103248
0.02 0.46 0.000697097
0.04 0.46 0.00136763
0.06 0.46 0.00201144
0.08 0.46 0.00262834
0.1 0.46 0.00321816
0.12 0.46 0.00378076
0.14 0.46 0.00431596
0.16 0.46 0.00482363
0.18 0.46 0.00530361
0.2 0.46 0.00575576
0.22 0.46 0.00617994
0.24 0.46 0.00657602
0.26 0.46 0.00694387
0.28 0.46 0.00728338
0.3 0.46 0.00759442
0.32 0.46 0.00787687
0.34 0.46 0.00813064
0.36 0.46 0.00835562
0.38 0.46 0.0085517
0.4 0.46 0.00871881
0.42 0.46 0.00885684
0.44 0.46 0.00896572
0.46 0.46 0.00904536
0.48 0.46 0.0090957
0.5 0.46 0.00911667
0.52 0.46 0.0091082
0.54 0.46 0.00907024
0.56 0.46 0.00900272
0.58 0.46 0.00890562
0.6 0.46 0.00877888
0.62 0.46 0.00862246
0.64 0.46 0.00843633
0.66 0.46 0.00822047
0.68 0.46 0.00797486
0.7 0.46 0.00769947
0.72 0.46 0.00739429
0.74 0.46 0.00705933
0.76 0.46 0.00669457
0.78 0.46 0.00630002
0.8 0.46 0.00587568
0.82 0.46 0.00542159
0.84 0.46 0.00493774
0.86 0.46 0.00442417
0.88 0.46 0.0038809
0.9 0.46 0.00330797
0.92 0.46 0.00270542
0.94 0.46 0.0020733
0.96 0.46 0.00141165
0.98 0.46 0.000720531
0.02 0.48 0.000362594
0.04 0.48 0.000711463
0.06 0.48 0.00104651
0.08 0.48 0.00136763
0.1 0.48 0.00167475
0.12 0.48 0.00196776
0.14 0.48 0.00224657
0.16 0.48 0.00251111
0.18 0.48 0.00276129
0.2 0.48 0.00299703
0.22 0.48 0.00321824
0.24 0.48 0.00342487
0.26 0.48 0.00361682
0.28 0.48 0.00379405
0.3 0.48 0.00395647
0.32 0.48 0.00410402
0.34 0.48 0.00423664
0.36 0.48 0.00435428
0.38 0.48 0.00445687
0.4 0.48 0.00454437
0.42 0.48 0.00461672
0.44 0.48 0.00467387
0.46 0.48 0.00471579
0.48 0.48 0.00474242
0.5 0.48 0.00475374
0.52 0.48 0.00474969
0.54 0.48 0.00473025
0.56 0.48 0.0046954
0.58 0.48 0.00464509
0.6 0.48 0.0045793
0.62 0.48 0.00449802
0.64 0.48 0.00440122
0.66 0.48 0.00428888
0.68 0.48 0.004161
0.7 0.48 0.00401755
0.72 0.48 0.00385854
0.74 0.48 0.00368396
0.76 0.48 0.0034938
0.78 0.48 0.00328807
0.8 0.48 0.00306676
0.82 0.48 0.00282989
0.84 0.48 0.00257746
0.86 0.48 0.00230948
0.88 0.48 0.00202598
0.9 0.48 0.00172696
0.92 0.48 0.00141245
0.94 0.48 0.00108248
0.96 0.48 0.000737054
0.98 0.48 0.000376218
