0.025 0.025 0.000578795
0.05 0.025 0.00112759
0.075 0.025 0.00164612
0.1 0.025 0.00213411
0.125 0.025 0.00259135
0.15 0.025 0.00301766
0.175 0.025 0.00341289
0.2 0.025 0.00377693
0.225 0.025 0.00410968
0.25 0.025 0.00441112
0.275 0.025 0.00468122
0.3 0.025 0.00492
0.325 0.025 0.00512753
0.35 0.025 0.00530388
0.375 0.025 0.00544919
0.4 0.025 0.0055636
0.425 0.025 0.00564731
0.45 0.025 0.00570053
0.475 0.025 0.00572353
0.5 0.025 0.00571658
0.525 0.025 0.00568001
0.55 0.025 0.00561417
0.575 0.025 0.00551944
0.6 0.025 0.00539623
0.625 0.025 0.00524498
0.65 0.025 0.00506617
0.675 0.025 0.0048603
0.7 0.025 0.0046279
0.725 0.025 0.00436953
0.75 0.025 0.00408577
0.775 0.025 0.00377725
0.8 0.025 0.00344459
0.825 0.025 0.00308848
0.85 0.025 0.0027096
0.875 0.025 0.00230867
0.9 0.025 0.00188643
0.925 0.025 0.00144364
0.95 0.025 0.000981098
0.975 0.025 0.000499608
0.025 0.05 0.00109635
0.05 0.05 0.00213598
0.075 0.05 0.00311839
0.1 0.05 0.00404317
0.125 0.05 0.00490993
0.15 0.05 0.00571837
0.175 0.05 0.00646821
0.2 0.05 0.00715927
0.225 0.05 0.00779141
0.25 0.05 0.00836453
0.275 0.05 0.00887861
0.3 0.05 0.00933369
0.325 0.05 0.00972986
0.35 0.05 0.0100673
0.375 0.05 0.0103461
0.4 0.05 0.0105666
0.425 0.05 0.0107292
0.45 0.05 0.0108342
0.475 0.05 0.0108819
0.5 0.05 0.010873
0.525 0.05 0.0108079
0.55 0.05 0.0106873
0.575 0.05 0.0105118
0.6 0.05 0.010282
0.625 0.05 0.00999884
0.65 0.05 0.009663
0.675 0.05 0.00927536
0.7 0.05 0.00883684
0.725 0.05 0.00834839
0.75 0.05 0.00781101
0.775 0.05 0.00722576
0.8 0.05 0.00659374
0.825 0.05 0.00591608
0.85 0.05 0.00519398
0.875 0.05 0.00442867
0.9 0.05 0.00362142
0.925 0.05 0.00277355
0.95 0.05 0.00188643
0.975 0.05 0.000961429
0.025 0.075 0.0015524
0.05 0.075 0.00302465
0.075 0.075 0.00441612
0.1 0.075 0.00572624
0.125 0.075 0.00695455
0.15 0.075 0.00810063
0.175 0.075 0.00916415
0.2 0.075 0.0101449
0.225 0.075 0.0110425
0.25 0.075 0.0118571
0.275 0.075 0.0125885
0.3 0.075 0.0132368
0.325 0.075 0.0138021
0.35 0.075 0.0142845
0.375 0.075 0.0146843
0.4 0.075 0.0150019
0.425 0.075 0.0152375
0.45 0.075 0.0153918
0.475 0.075 0.0154652
0.5 0.075 0.0154584
0.525 0.075 0.015372
0.55 0.075 0.0152068
0.575 0.075 0.0149635
0.6 0.075 0.0146431
0.625 0.075 0.0142466
0.65 0.075 0.0137749
0.675 0.075 0.0132291
0.7 0.075 0.0126104
0.725 0.075 0.01192
0.75 0.075 0.0111591
0.775 0.075 0.0103292
0.8 0.075 0.00943154
0.825 0.075 0.00846766
0.85 0.075 0.00743904
0.875 0.075 0.00634727
0.9 0.075 0.00519398
0.925 0.075 0.00398084
0.95 0.075 0.0027096
0.975 0.075 0.00138204
0.025 0.1 0.00194678
0.05 0.1 0.00379328
0.075 0.1 0.00553876
0.1 0.1 0.00718262
0.125 0.1 0.00872428
0.15 0.1 0.0101633
0.175 0.1 0.0114993
0.2 0.1 0.0127319
0.225 0.1 0.0138609
0.25 0.1 0.0148862
0.275 0.1 0.0158078
0.3 0.1 0.0166256
0.325 0.1 0.0173398
0.35 0.1 0.0179505
0.375 0.1 0.018458
0.4 0.1 0.0188627
0.425 0.1 0.0191649
0.45 0.1 0.0193653
0.475 0.1 0.0194644
0.5 0.1 0.0194628
0.525 0.1 0.0193613
0.55 0.1 0.0191608
0.575 0.1 0.0188621
0.6 0.1 0.0184662
0.625 0.1 0.0179742
0.65 0.1 0.0173873
0.675 0.1 0.0167065
0.7 0.1 0.0159332
0.725 0.1 0.0150688
0.75 0.1 0.0141146
0.775 0.1 0.0130722
0.8 0.1 0.0119431
0.825 0.1 0.010729
0.85 0.1 0.00943154
0.875 0.1 0.00805251
0.9 0.1 0.00659374
0.925 0.1 0.00505711
0.95 0.1 0.00344459
0.975 0.1 0.0017582
0.025 0.125 0.00227937
0.05 0.125 0.00444163
0.075 0.125 0.006486
0.1 0.125 0.00841182
0.125 0.125 0.0102185
0.15 0.125 0.0119055
0.175 0.125 0.0134724
0.2 0.125 0.0149189
0.225 0.125 0.0162447
0.25 0.125 0.0174497
0.275 0.125 0.0185338
0.3 0.125 0.0194969
0.325 0.125 0.0203392
0.35 0.125 0.0210608
0.375 0.125 0.0216621
0.4 0.125 0.0221432
0.425 0.125 0.0225048
0.45 0.125 0.0227472
0.475 0.125 0.0228711
0.5 0.125 0.0228771
0.525 0.125 0.0227661
0.55 0.125 0.0225388
0.575 0.125 0.0221962
0.6 0.125 0.0217392
0.625 0.125 0.021169
0.65 0.125 0.0204868
0.675 0.125 0.0196937
0.7 0.125 0.0187911
0.725 0.125 0.0177804
0.75 0.125 0.016663
0.775 0.125 0.0154405
0.8 0.125 0.0141146
0.825 0.125 0.0126869
0.85 0.125 0.0111591
0.875 0.125 0.00953321
0.9 0.125 0.00781101
0.925 0.125 0.00599452
0.95 0.125 0.00408577
0.975 0.125 0.00208687
0.025 0.15 0.00255013
0.05 0.15 0.00496962
0.075 0.15 0.00725769
0.1 0.15 0.00941363
0.125 0.15 0.0114368
0.15 0.15 0.0133267
0.175 0.15 0.0150829
0.2 0.15 0.016705
0.225 0.15 0.0181927
0.25 0.15 0.0195459
0.275 0.15 0.0207643
0.3 0.15 0.0218481
0.325 0.15 0.0227972
0.35 0.15 0.0236118
0.375 0.15 0.0242921
0.4 0.15 0.0248384
0.425 0.15 0.0252512
0.45 0.15 0.0255309
0.475 0.15 0.025678
0.5 0.15 0.0256932
0.525 0.15 0.0255773
0.55 0.15 0.025331
0.575 0.15 0.0249552
0.6 0.15 0.024451
0.625 0.15 0.0238192
0.65 0.15 0.0230612
0.675 0.15 0.022178
0.7 0.15 0.021171
0.725 0.15 0.0200416
0.75 0.15 0.0187911
0.775 0.15 0.0174211
0.8 0.15 0.0159332
0.825 0.15 0.014329
0.85 0.15 0.0126104
0.875 0.15 0.010779
0.9 0.15 0.00883684
0.925 0.15 0.00678579
0.95 0.15 0.0046279
0.975 0.15 0.00236525
0.025 0.175 0.0027591
0.05 0.175 0.00537732
0.075 0.175 0.00785388
0.1 0.175 0.010188
0.125 0.175 0.0123792
0.15 0.175 0.0144268
0.175 0.175 0.0163304
0.2 0.175 0.0180896
0.225 0.175 0.019704
0.25 0.175 0.0211735
0.275 0.175 0.0224979
0.3 0.175 0.0236771
0.325 0.175 0.0247112
0.35 0.175 0.0256002
0.375 0.175 0.0263443
0.4 0.175 0.0269439
0.425 0.175 0.0273992
0.45 0.175 0.0277106
0.475 0.175 0.0278786
0.5 0.175 0.0279039
0.525 0.175 0.027787
0.55 0.175 0.0275288
0.575 0.175 0.02713
0.6 0.175 0.0265915
0.625 0.175 0.0259142
0.65 0.175 0.0250994
0.675 0.175 0.0241479
0.7 0.175 0.0230612
0.725 0.175 0.0218403
0.75 0.175 0.0204868
0.775 0.175 0.0190019
0.8 0.175 0.0173873
0.825 0.175 0.0156444
0.85 0.175 0.0137749
0.875 0.175 0.0117805
0.9 0.175 0.009663
0.925 0.175 0.00742425
0.95 0.175 0.00506617
0.975 0.175 0.00259074
0.025 0.2 0.00290639
0.05 0.2 0.00566492
0.075 0.2 0.0082748
0.1 0.2 0.0107353
0.125 0.2 0.0130459
0.15 0.2 0.0152059
0.175 0.2 0.0172148
0.2 0.2 0.0190723
0.225 0.2 0.0207781
0.25 0.2 0.0223318
0.275 0.2 0.0237332
0.3 0.2 0.0249823
0.325 0.2 0.0260791
0.35 0.2 0.0270235
0.375 0.2 0.0278157
0.4 0.2 0.0284559
0.425 0.2 0.0289443
0.45 0.2 0.0292813
0.475 0.2 0.0294673
0.5 0.2 0.0295028
0.525 0.2 0.0293883
0.55 0.2 0.0291245
0.575 0.2 0.0287121
0.6 0.2 0.0281519
0.625 0.2 0.0274447
0.65 0.2 0.0265915
0.675 0.2 0.0255932
0.7 0.2 0.024451
0.725 0.2 0.0231659
0.75 0.2 0.0217392
0.775 0.2 0.0201722
0.8 0.2 0.0184662
0.825 0.2 0.0166227
0.85 0.2 0.0146431
0.875 0.2 0.012529
0.9 0.2 0.010282
0.925 0.2 0.00790385
0.95 0.2 0.00539623
0.975 0.2 0.00276099
0.025 0.225 0.00299218
0.05 0.225 0.00583273
0.075 0.225 0.00852089
0.1 0.225 0.011056
0.125 0.225 0.0134373
0.15 0.225 0.0156643
0.175 0.225 0.0177366
0.2 0.225 0.0196536
0.225 0.225 0.021415
0.25 0.225 0.0230205
0.275 0.225 0.0244698
0.3 0.225 0.0257629
0.325 0.225 0.0268996
0.35 0.225 0.0278799
0.375 0.225 0.0287039
0.4 0.225 0.0293716
0.425 0.225 0.0298832
0.45 0.225 0.0302391
0.475 0.225 0.0304394
0.5 0.225 0.0304846
0.525 0.225 0.0303752
0.55 0.225 0.0301116
0.575 0.225 0.0296945
0.6 0.225 0.0291245
0.625 0.225 0.0284023
0.65 0.225 0.0275288
0.675 0.225 0.0265047
0.7 0.225 0.025331
0.725 0.225 0.0240087
0.75 0.225 0.0225388
0.775 0.225 0.0209224
0.8 0.225 0.0191608
0.825 0.225 0.0172551
0.85 0.225 0.0152068
0.875 0.225 0.013017
0.9 0.225 0.0106873
0.925 0.225 0.00821919
0.95 0.225 0.00561417
0.975 0.225 0.00287389
0.025 0.25 0.00301671
0.05 0.25 0.00588123
0.075 0.25 0.00859278
0.1 0.25 0.0111507
0.125 0.25 0.0135543
0.15 0.25 0.015803
0.175 0.25 0.0178963
0.2 0.25 0.0198338
0.225 0.25 0.0216151
0.25 0.25 0.0232398
0.275 0.25 0.0247076
0.3 0.25 0.0260184
0.325 0.25 0.027172
0.35 0.25 0.0281682
0.375 0.25 0.0290071
0.4 0.25 0.0296888
0.425 0.25 0.0302132
0.45 0.25 0.0305806
0.475 0.25 0.0307911
0.5 0.25 0.030845
0.525 0.25 0.0307427
0.55 0.25 0.0304846
0.575 0.25 0.0300711
0.6 0.25 0.0295028
0.625 0.25 0.0287802
0.65 0.25 0.0279039
0.675 0.25 0.0268747
0.7 0.25 0.0256932
0.725 0.25 0.0243604
0.75 0.25 0.0228771
0.775 0.25 0.0212443
0.8 0.25 0.0194628
0.825 0.25 0.0175338
0.85 0.25 0.0154584
0.875 0.25 0.0132377
0.9 0.25 0.010873
0.925 0.25 0.00836551
0.95 0.25 0.00571658
0.975 0.25 0.0029276
0.025 0.275 0.00298033
0.05 0.275 0.005811
0.075 0.275 0.00849126
0.1 0.275 0.0110204
0.125 0.275 0.0133979
0.15 0.275 0.015623
0.175 0.275 0.0176952
0.2 0.275 0.0196142
0.225 0.275 0.0213793
0.25 0.275 0.0229904
0.275 0.275 0.024447
0.3 0.275 0.0257489
0.325 0.275 0.0268959
0.35 0.275 0.0278878
0.375 0.275 0.0287245
0.4 0.275 0.029406
0.425 0.275 0.0299323
0.45 0.275 0.0303034
0.475 0.275 0.0305194
0.5 0.275 0.0305806
0.525 0.275 0.030487
0.55 0.275 0.0302391
0.575 0.275 0.029837
0.6 0.275 0.0292813
0.625 0.275 0.0285723
0.65 0.275 0.0277106
0.675 0.275 0.0266965
0.7 0.275 0.0255309
0.725 0.275 0.0242142
0.75 0.275 0.0227472
0.775 0.275 0.0211306
0.8 0.275 0.0193653
0.825 0.275 0.0174521
0.85 0.275 0.0153918
0.875 0.275 0.0131855
0.9 0.275 0.0108342
0.925 0.275 0.00833879
0.95 0.275 0.00570053
0.975 0.275 0.00292053
0.025 0.3 0.00288342
0.05 0.3 0.00562277
0.075 0.3 0.00821733
0.1 0.3 0.0106664
0.125 0.3 0.0129694
0.15 0.3 0.0151256
0.175 0.3 0.0171347
0.2 0.3 0.0189959
0.225 0.3 0.020709
0.25 0.3 0.0222735
0.275 0.3 0.023689
0.3 0.3 0.0249552
0.325 0.3 0.0260719
0.35 0.3 0.0270388
0.375 0.3 0.0278558
0.4 0.3 0.0285227
0.425 0.3 0.0290394
0.45 0.3 0.029406
0.475 0.3 0.0296225
0.5 0.3 0.0296888
0.525 0.3 0.0296051
0.55 0.3 0.0293716
0.575 0.3 0.0289884
0.6 0.3 0.0284559
0.625 0.3 0.0277743
0.65 0.3 0.0269439
0.675 0.3 0.0259651
0.7 0.3 0.0248384
0.725 0.3 0.0235643
0.75 0.3 0.0221432
0.775 0.3 0.0205758
0.8 0.3 0.0188627
0.825 0.3 0.0170044
0.85 0.3 0.0150019
0.875 0.3 0.0128557
0.9 0.3 0.0105666
0.925 0.3 0.00813566
0.95 0.3 0.0055636
0.975 0.3 0.00285139
0.025 0.325 0.00272645
0.05 0.325 0.00531742
0.075 0.325 0.00777218
0.1 0.325 0.0100901
0.125 0.325 0.0122705
0.15 0.325 0.0143128
0.175 0.325 0.0162164
0.2 0.325 0.0179809
0.225 0.325 0.0196058
0.25 0.325 0.0210906
0.275 0.325 0.022435
0.3 0.325 0.0236385
0.325 0.325 0.0247009
0.35 0.325 0.0256219
0.375 0.325 0.0264012
0.4 0.325 0.0270388
0.425 0.325 0.0275343
0.45 0.325 0.0278878
0.475 0.325 0.0280991
0.5 0.325 0.0281682
0.525 0.325 0.0280951
0.55 0.325 0.0278799
0.575 0.325 0.0275227
0.6 0.325 0.0270235
0.625 0.325 0.0263826
0.65 0.325 0.0256002
0.675 0.325 0.0246765
0.7 0.325 0.0236118
0.725 0.325 0.0224065
0.75 0.325 0.0210608
0.775 0.325 0.0195754
0.8 0.325 0.0179505
0.825 0.325 0.0161867
0.85 0.325 0.0142845
0.875 0.325 0.0122445
0.9 0.325 0.0100673
0.925 0.325 0.0077535
0.95 0.325 0.00530388
0.975 0.325 0.00271913
0.025 0.35 0.00250997
0.05 0.35 0.00489592
0.075 0.35 0.00715719
0.1 0.35 0.0092931
0.125 0.35 0.011303
0.15 0.35 0.0131864
0.175 0.35 0.0149427
0.2 0.35 0.0165714
0.225 0.35 0.0180719
0.25 0.35 0.0194439
0.275 0.35 0.020687
0.3 0.35 0.0218006
0.325 0.35 0.0227846
0.35 0.35 0.0236385
0.375 0.35 0.0243621
0.4 0.35 0.0249552
0.425 0.35 0.0254175
0.45 0.35 0.0257489
0.475 0.35 0.0259492
0.5 0.35 0.0260184
0.525 0.35 0.0259563
0.55 0.35 0.0257629
0.575 0.35 0.0254383
0.6 0.35 0.0249823
0.625 0.35 0.0243953
0.65 0.35 0.0236771
0.675 0.35 0.022828
0.7 0.35 0.0218481
0.725 0.35 0.0207377
0.75 0.35 0.0194969
0.775 0.35 0.0181261
0.8 0.35 0.0166256
0.825 0.35 0.0149957
0.85 0.35 0.0132368
0.875 0.35 0.0113493
0.9 0.35 0.00933369
0.925 0.35 0.00719042
0.95 0.35 0.00492
0.975 0.35 0.002523
0.025 0.375 0.00223457
0.05 0.375 0.00435941
0.075 0.375 0.00637389
0.1 0.375 0.00827737
0.125 0.375 0.0100693
0.15 0.375 0.011749
0.175 0.375 0.013316
0.2 0.375 0.0147699
0.225 0.375 0.01611
0.25 0.375 0.017336
0.275 0.375 0.0184474
0.3 0.375 0.0194439
0.325 0.375 0.0203251
0.35 0.375 0.0210906
0.375 0.375 0.0217402
0.4 0.375 0.0222735
0.425 0.375 0.0226903
0.45 0.375 0.0229904
0.475 0.375 0.0231736
0.5 0.375 0.0232398
0.525 0.375 0.0231888
0.55 0.375 0.0230205
0.575 0.375 0.0227348
0.6 0.375 0.0223318
0.625 0.375 0.0218113
0.65 0.375 0.0211735
0.675 0.375 0.0204183
0.7 0.375 0.0195459
0.725 0.375 0.0185563
0.75 0.375 0.0174497
0.775 0.375 0.0162263
0.8 0.375 0.0148862
0.825 0.375 0.0134298
0.85 0.375 0.0118571
0.875 0.375 0.0101686
0.9 0.375 0.00836453
0.925 0.375 0.00644524
0.95 0.375 0.00441112
0.975 0.375 0.00226256
0.025 0.4 0.00190093
0.05 0.4 0.00370914
0.075 0.4 0.00542403
0.1 0.4 0.00704501
0.125 0.4 0.00857155
0.15 0.4 0.0100031
0.175 0.4 0.0113392
0.2 0.4 0.0125793
0.225 0.4 0.013723
0.25 0.4 0.0147699
0.275 0.4 0.0157194
0.3 0.4 0.0165714
0.325 0.4 0.0173253
0.35 0.4 0.0179809
0.375 0.4 0.0185379
0.4 0.4 0.0189959
0.425 0.4 0.0193548
0.45 0.4 0.0196142
0.475 0.4 0.0197739
0.5 0.4 0.0198338
0.525 0.4 0.0197938
0.55 0.4 0.0196536
0.575 0.4 0.0194131
0.6 0.4 0.0190723
0.625 0.4 0.0186312
0.65 0.4 0.0180896
0.675 0.4 0.0174475
0.7 0.4 0.016705
0.725 0.4 0.0158621
0.75 0.4 0.0149189
0.775 0.4 0.0138755
0.8 0.4 0.0127319
0.825 0.4 0.0114883
0.85 0.4 0.0101449
0.875 0.4 0.00870178
0.9 0.4 0.00715927
0.925 0.4 0.00551757
0.95 0.4 0.00377693
0.975 0.4 0.00193763
0.025 0.425 0.00150981
0.05 0.425 0.00294649
0.075 0.425 0.00430952
0.1 0.425 0.0055984
0.125 0.425 0.00681266
0.15 0.425 0.00795182
0.175 0.425 0.00901544
0.2 0.425 0.0100031
0.225 0.425 0.0109144
0.25 0.425 0.011749
0.275 0.425 0.0125064
0.3 0.425 0.0131864
0.325 0.425 0.0137887
0.35 0.425 0.0143128
0.375 0.425 0.0147585
0.4 0.425 0.0151256
0.425 0.425 0.0154139
0.45 0.425 0.015623
0.475 0.425 0.0157527
0.5 0.425 0.015803
0.525 0.425 0.0157736
0.55 0.425 0.0156643
0.575 0.425 0.0154751
0.6 0.425 0.0152059
0.625 0.425 0.0148564
0.65 0.425 0.0144268
0.675 0.425 0.0139169
0.7 0.425 0.0133267
0.725 0.425 0.0126563
0.75 0.425 0.0119055
0.775 0.425 0.0110745
0.8 0.425 0.0101633
0.825 0.425 0.00917197
0.85 0.425 0.00810063
0.875 0.425 0.00694938
0.9 0.425 0.00571837
0.925 0.425 0.00440773
0.95 0.425 0.00301766
0.975 0.425 0.00154834
0.025 0.45 0.00106202
0.05 0.45 0.00207298
0.075 0.45 0.00303247
0.1 0.45 0.00394012
0.125 0.45 0.00479555
0.15 0.45 0.0055984
0.175 0.45 0.00634834
0.2 0.45 0.00704501
0.225 0.45 0.00768813
0.25 0.45 0.00827737
0.275 0.45 0.00881245
0.3 0.45 0.0092931
0.325 0.45 0.00971906
0.35 0.45 0.0100901
0.375 0.45 0.0104059
0.4 0.45 0.0106664
0.425 0.45 0.0108713
0.45 0.45 0.0110204
0.475 0.45 0.0111136
0.5 0.45 0.0111507
0.525 0.45 0.0111315
0.55 0.45 0.011056
0.575 0.45 0.0109239
0.6 0.45 0.0107353
0.625 0.45 0.0104901
0.65 0.45 0.010188
0.675 0.45 0.00982925
0.7 0.45 0.00941363
0.725 0.45 0.00894116
0.75 0.45 0.00841182
0.775 0.45 0.00782564
0.8 0.45 0.00718262
0.825 0.45 0.0064828
0.85 0.45 0.00572624
0.875 0.45 0.00491301
0.9 0.45 0.00404317
0.925 0.45 0.00311683
0.95 0.45 0.00213411
0.975 0.45 0.00109511
0.025 0.475 0.000558432
0.05 0.475 0.00109023
0.075 0.475 0.00159515
0.1 0.475 0.00207298
0.125 0.475 0.00252349
0.15 0.475 0.00294649
0.175 0.475 0.00334177
0.2 0.475 0.00370914
0.225 0.475 0.00404841
0.25 0.475 0.00435941
0.275 0.475 0.00464197
0.3 0.475 0.00489592
0.325 0.475 0.00512112
0.35 0.475 0.00531742
0.375 0.475 0.00548468
0.4 0.475 0.00562277
0.425 0.475 0.00573158
0.45 0.475 0.005811
0.475 0.475 0.00586091
0.5 0.475 0.00588123
0.525 0.475 0.00587186
0.55 0.475 0.00583273
0.575 0.475 0.00576377
0.6 0.475 0.00566492
0.625 0.475 0.00553612
0.65 0.475 0.00537732
0.675 0.475 0.0051885
0.7 0.475 0.00496962
0.725 0.475 0.00472067
0.75 0.475 0.00444163
0.775 0.475 0.00413249
0.8 0.475 0.00379328
0.825 0.475 0.00342399
0.85 0.475 0.00302465
0.875 0.475 0.0025953
0.9 0.475 0.00213598
0.925 0.475 0.00164672
0.95 0.475 0.00112759
0.975 0.475 0.000578663
