0.05 0.05 0.00213598
0.1 0.05 0.00404317
0.15 0.05 0.00571837
0.2 0.05 0.00715927
0.25 0.05 0.00836453
0.3 0.05 0.00933369
0.35 0.05 0.0100673
0.4 0.05 0.0105666
0.45 0.05 0.0108342
0.5 0.05 0.010873
0.55 0.05 0.0106873
0.6 0.05 0.010282
0.65 0.05 0.009663
0.7 0.05 0.00883684
0.75 0.05 0.00781101
0.8 0.05 0.00659374
0.85 0.05 0.00519398
0.9 0.05 0.00362142
0.95 0.05 0.00188643
0.05 0.1 0.00379328
0.1 0.1 0.00718262
0.15 0.1 0.0101633
0.2 0.1 0.0127319
0.25 0.1 0.0148862
0.3 0.1 0.0166256
0.35 0.1 0.0179505
0.4 0.1 0.0188627
0.45 0.1 0.0193653
0.5 0.1 0.0194628
0.55 0.1 0.0191608
0.6 0.1 0.0184662
0.65 0.1 0.0173873
0.7 0.1 0.0159332
0.75 0.1 0.0141146
0.8 0.1 0.0119431
0.85 0.1 0.00943154
0.9 0.1 0.00659374
0.95 0.1 0.00344459
0.05 0.15 0.00496962
0.1 0.15 0.00941363
0.15 0.15 0.0133267
0.2 0.15 0.016705
0.25 0.15 0.0195459
0.3 0.15 0.0218481
0.35 0.15 0.0236118
0.4 0.15 0.0248384
0.45 0.15 0.0255309
0.5 0.15 0.0256932
0.55 0.15 0.025331
0.6 0.15 0.024451
0.65 0.15 0.0230612
0.7 0.15 0.021171
0.75 0.15 0.0187911
0.8 0.15 0.0159332
0.85 0.15 0.0126104
0.9 0.15 0.00883684
0.95 0.15 0.0046279
0.05 0.2 0.00566492
0.1 0.2 0.0107353
0.15 0.2 0.0152059
0.2 0.2 0.0190723
0.25 0.2 0.0223318
0.3 0.2 0.0249823
0.35 0.2 0.0270235
0.4 0.2 0.0284559
0.45 0.2 0.0292813
0.5 0.2 0.0295028
0.55 0.2 0.0291245
0.6 0.2 0.0281519
0.65 0.2 0.0265915
0.7 0.2 0.024451
0.75 0.2 0.0217392
0.8 0.2 0.0184662
0.85 0.2 0.0146431
0.9 0.2 0.010282
0.95 0.2 0.00539623
0.05 0.25 0.00588123
0.1 0.25 0.0111507
0.15 0.25 0.015803
0.2 0.25 0.0198338
0.25 0.25 0.0232398
0.3 0.25 0.0260184
0.35 0.25 0.0281682
0.4 0.25 0.0296888
0.45 0.25 0.0305806
0.5 0.25 0.030845
0.55 0.25 0.0304846
0.6 0.25 0.0295028
0.65 0.25 0.0279039
0.7 0.25 0.0256932
0.75 0.25 0.0228771
0.8 0.25 0.0194628
0.85 0.25 0.0154584
0.9 0.25 0.010873
0.95 0.25 0.00571658
0.05 0.3 0.00562277
0.1 0.3 0.0106664
0.15 0.3 0.0151256
0.2 0.3 0.0189959
0.25 0.3 0.0222735
0.3 0.3 0.0249552
0.35 0.3 0.0270388
0.4 0.3 0.0285227
0.45 0.3 0.029406
0.5 0.3 0.0296888
0.55 0.3 0.0293716
0.6 0.3 0.0284559
0.65 0.3 0.0269439
0.7 0.3 0.0248384
0.75 0.3 0.0221432
0.8 0.3 0.0188627
0.85 0.3 0.0150019
0.9 0.3 0.0105666
0.95 0.3 0.0055636
0.05 0.35 0.00489592
0.1 0.35 0.0092931
0.15 0.35 0.0131864
0.2 0.35 0.0165714
0.25 0.35 0.0194439
0.3 0.35 0.0218006
0.35 0.35 0.0236385
0.4 0.35 0.0249552
0.45 0.35 0.0257489
0.5 0.35 0.0260184
0.55 0.35 0.0257629
0.6 0.35 0.0249823
0.65 0.35 0.0236771
0.7 0.35 0.0218481
0.75 0.35 0.0194969
0.8 0.35 0.0166256
0.85 0.35 0.0132368
0.9 0.35 0.00933369
0.95 0.35 0.00492
0.05 0.4 0.00370914
0.1 0.4 0.00704501
0.15 0.4 0.0100031
0.2 0.4 0.0125793
0.25 0.4 0.0147699
0.3 0.4 0.0165714
0.35 0.4 0.0179809
0.4 0.4 0.0189959
0.45 0.4 0.0196142
0.5 0.4 0.0198338
0.55 0.4 0.0196536
0.6 0.4 0.0190723
0.65 0.4 0.0180896
0.7 0.4 0.016705
0.75 0.4 0.0149189
0.8 0.4 0.0127319
0.85 0.4 0.0101449
0.9 0.4 0.00715927
0.95 0.4 0.00377693
0.05 0.45 0.00207298
0.1 0.45 0.00394012
0.15 0.45 0.0055984
0.2 0.45 0.00704501
0.25 0.45 0.00827737
0.3 0.45 0.0092931
0.35 0.45 0.0100901
0.4 0.45 0.0106664
0.45 0.45 0.0110204
0.5 0.45 0.0111507
0.55 0.45 0.011056
0.6 0.45 0.0107353
0.65 0.45 0.010188
0.7 0.45 0.00941363
0.75 0.45 0.00841182
0.8 0.45 0.00718262
0.85 0.45 0.00572624
0.9 0.45 0.00404317
0.95 0.45 0.00213411
