0.1 0.1 0.00718262
0.2 0.1 0.0127319
0.3 0.1 0.0166256
0.4 0.1 0.0188627
0.5 0.1 0.0194628
0.6 0.1 0.0184662
0.7 0.1 0.0159332
0.8 0.1 0.0119431
0.9 0.1 0.00659374
0.1 0.2 0.0107353
0.2 0.2 0.0190723
0.3 0.2 0.0249823
0.4 0.2 0.0284559
0.5 0.2 0.0295028
0.6 0.2 0.0281519
0.7 0.2 0.024451
0.8 0.2 0.0184662
0.9 0.2 0.010282
0.1 0.3 0.0106664
0.2 0.3 0.0189959
0.3 0.3 0.0249552
0.4 0.3 0.0285227
0.5 0.3 0.0296888
0.6 0.3 0.0284559
0.7 0.3 0.0248384
0.8 0.3 0.0188627
0.9 0.3 0.0105666
0.1 0.4 0.00704501
0.2 0.4 0.0125793
0.3 0.4 0.0165714
0.4 0.4 0.0189959
0.5 0.4 0.0198338
0.6 0.4 0.0190723
0.7 0.4 0.016705
0.8 0.4 0.0127319
0.9 0.4 0.00715927
