0.0333333 0.0333333 0.00100213
0.0666667 0.0333333 0.00193424
0.1 0.0333333 0.00279552
0.133333 0.0333333 0.00358529
0.166667 0.0333333 0.00430303
0.2 0.0333333 0.00494833
0.233333 0.0333333 0.00552094
0.266667 0.0333333 0.00602073
0.3 0.0333333 0.00644771
0.333333 0.0333333 0.00680203
0.366667 0.0333333 0.00708397
0.4 0.0333333 0.00729394
0.433333 0.0333333 0.00743249
0.466667 0.0333333 0.0075003
0.5 0.0333333 0.00749818
0.533333 0.0333333 0.00742708
0.566667 0.0333333 0.00728804
0.6 0.0333333 0.00708227
0.633333 0.0333333 0.00681108
0.666667 0.0333333 0.00647589
0.7 0.0333333 0.00607827
0.733333 0.0333333 0.00561986
0.766667 0.0333333 0.00510246
0.8 0.0333333 0.00452794
0.833333 0.0333333 0.0038983
0.866667 0.0333333 0.00321564
0.9 0.0333333 0.00248214
0.933333 0.0333333 0.0017001
0.966667 0.0333333 0.000871896
0.0333333 0.0666667 0.00186018
0.0666667 0.0666667 0.00359074
0.1 0.0666667 0.00519038
0.133333 0.0666667 0.00665799
0.166667 0.0666667 0.0079927
0.2 0.0666667 0.00919386
0.233333 0.0666667 0.010261
0.266667 0.0666667 0.011194
0.3 0.0666667 0.0119927
0.333333 0.0666667 0.0126575
0.366667 0.0666667 0.0131887
0.4 0.0666667 0.013587
0.433333 0.0666667 0.0138532
0.466667 0.0666667 0.0139885
0.5 0.0666667 0.013994
0.533333 0.0666667 0.0138714
0.566667 0.0666667 0.0136223
0.6 0.0666667 0.0132486
0.633333 0.0666667 0.0127524
0.666667 0.0666667 0.012136
0.7 0.0666667 0.0114019
0.733333 0.0666667 0.0105528
0.766667 0.0666667 0.00959151
0.8 0.0666667 0.00852114
0.833333 0.0666667 0.00734489
0.866667 0.0666667 0.00606615
0.9 0.0666667 0.00468849
0.933333 0.0666667 0.00321564
0.966667 0.0666667 0.00165146
0.0333333 0.1 0.00257346
0.0666667 0.1 0.0049682
0.1 0.1 0.00718262
0.133333 0.1 0.00921538
0.166667 0.1 0.0110654
0.2 0.1 0.0127319
0.233333 0.1 0.0142142
0.266667 0.1 0.0155121
0.3 0.1 0.0166256
0.333333 0.1 0.0175548
0.366667 0.1 0.0183003
0.4 0.1 0.0188627
0.433333 0.1 0.019243
0.466667 0.1 0.0194426
0.5 0.1 0.0194628
0.533333 0.1 0.0193055
0.566667 0.1 0.0189725
0.6 0.1 0.0184662
0.633333 0.1 0.0177891
0.666667 0.1 0.0169437
0.7 0.1 0.0159332
0.733333 0.1 0.0147606
0.766667 0.1 0.0134294
0.8 0.1 0.0119431
0.833333 0.1 0.0103057
0.866667 0.1 0.00852114
0.9 0.1 0.00659374
0.933333 0.1 0.00452794
0.966667 0.1 0.00232841
0.0333333 0.133333 0.00314159
0.0666667 0.133333 0.00606584
0.1 0.133333 0.00877103
0.133333 0.133333 0.0112557
0.166667 0.133333 0.0135186
0.2 0.133333 0.0155589
0.233333 0.133333 0.0173758
0.266667 0.133333 0.0189691
0.3 0.133333 0.0203385
0.333333 0.133333 0.0214843
0.366667 0.133333 0.0224069
0.4 0.133333 0.0231069
0.433333 0.133333 0.0235854
0.466667 0.133333 0.0238435
0.5 0.133333 0.0238827
0.533333 0.133333 0.0237048
0.566667 0.133333 0.0233118
0.6 0.133333 0.022706
0.633333 0.133333 0.0218899
0.666667 0.133333 0.0208663
0.7 0.133333 0.0196381
0.733333 0.133333 0.0182087
0.766667 0.133333 0.0165817
0.8 0.133333 0.0147606
0.833333 0.133333 0.0127496
0.866667 0.133333 0.0105528
0.9 0.133333 0.00817465
0.933333 0.133333 0.00561986
0.966667 0.133333 0.00289328
0.0333333 0.166667 0.00356448
0.0666667 0.166667 0.00688347
0.1 0.166667 0.00995516
0.133333 0.166667 0.0127781
0.166667 0.166667 0.0153509
0.2 0.166667 0.0176727
0.233333 0.166667 0.0197427
0.266667 0.166667 0.0215603
0.3 0.166667 0.0231255
0.333333 0.166667 0.0244383
0.366667 0.166667 0.0254989
0.4 0.166667 0.0263078
0.433333 0.166667 0.026866
0.466667 0.166667 0.0271745
0.5 0.166667 0.0272347
0.533333 0.166667 0.027048
0.566667 0.166667 0.0266164
0.6 0.166667 0.025942
0.633333 0.166667 0.025027
0.666667 0.166667 0.0238742
0.7 0.166667 0.0224862
0.733333 0.166667 0.0208663
0.766667 0.166667 0.0190176
0.8 0.166667 0.0169437
0.833333 0.166667 0.0146485
0.866667 0.166667 0.012136
0.9 0.166667 0.00941027
0.933333 0.166667 0.00647589
0.966667 0.166667 0.00333751
0.0333333 0.2 0.00384237
0.0666667 0.2 0.0074214
0.1 0.2 0.0107353
0.133333 0.2 0.0137826
0.166667 0.2 0.016562
0.2 0.2 0.0190723
0.233333 0.2 0.0213129
0.266667 0.2 0.023283
0.3 0.2 0.0249823
0.333333 0.2 0.0264108
0.366667 0.2 0.0275686
0.4 0.2 0.0284559
0.433333 0.2 0.0290735
0.466667 0.2 0.0294221
0.5 0.2 0.0295028
0.533333 0.2 0.0293169
0.566667 0.2 0.028866
0.6 0.2 0.0281519
0.633333 0.2 0.0271765
0.666667 0.2 0.025942
0.7 0.2 0.024451
0.733333 0.2 0.022706
0.766667 0.2 0.0207101
0.8 0.2 0.0184662
0.833333 0.2 0.0159779
0.866667 0.2 0.0132486
0.9 0.2 0.010282
0.933333 0.2 0.00708227
0.966667 0.2 0.00365347
0.0333333 0.233333 0.00397575
0.0666667 0.233333 0.00768053
0.1 0.233333 0.0111126
0.133333 0.233333 0.0142704
0.166667 0.233333 0.0171526
0.2 0.233333 0.0197582
0.233333 0.233333 0.0220861
0.266667 0.233333 0.0241357
0.3 0.233333 0.0259064
0.333333 0.233333 0.0273981
0.366667 0.233333 0.0286105
0.4 0.233333 0.0295439
0.433333 0.233333 0.0301985
0.466667 0.233333 0.030575
0.5 0.233333 0.030674
0.533333 0.233333 0.0304965
0.566667 0.233333 0.0300437
0.6 0.233333 0.0293169
0.633333 0.233333 0.0283178
0.666667 0.233333 0.027048
0.7 0.233333 0.0255096
0.733333 0.233333 0.0237048
0.766667 0.233333 0.0216359
0.8 0.233333 0.0193055
0.833333 0.233333 0.0167163
0.866667 0.233333 0.0138714
0.9 0.233333 0.0107739
0.933333 0.233333 0.00742708
0.966667 0.233333 0.00383455
0.0333333 0.266667 0.00396545
0.0666667 0.266667 0.00766228
0.1 0.266667 0.0110888
0.133333 0.266667 0.0142434
0.166667 0.266667 0.0171248
0.2 0.266667 0.0197317
0.233333 0.266667 0.0220633
0.266667 0.266667 0.0241186
0.3 0.266667 0.025897
0.333333 0.266667 0.0273981
0.366667 0.266667 0.0286214
0.4 0.266667 0.029567
0.433333 0.266667 0.0302348
0.466667 0.266667 0.0306251
0.5 0.266667 0.0307383
0.533333 0.266667 0.030575
0.566667 0.266667 0.0301359
0.6 0.266667 0.0294221
0.633333 0.266667 0.0284345
0.666667 0.266667 0.0271745
0.7 0.266667 0.0256436
0.733333 0.266667 0.0238435
0.766667 0.266667 0.0217758
0.8 0.266667 0.0194426
0.833333 0.266667 0.016846
0.866667 0.266667 0.0139885
0.9 0.266667 0.0108723
0.933333 0.266667 0.0075003
0.966667 0.266667 0.0038752
0.0333333 0.3 0.00381258
0.0666667 0.3 0.00736861
0.1 0.3 0.0106664
0.133333 0.3 0.0137045
0.166667 0.3 0.0164814
0.2 0.3 0.0189959
0.233333 0.3 0.021247
0.266667 0.3 0.0232337
0.3 0.3 0.0249552
0.333333 0.3 0.0264108
0.366667 0.3 0.0276001
0.4 0.3 0.0285227
0.433333 0.3 0.0291783
0.466667 0.3 0.029567
0.5 0.3 0.0296888
0.533333 0.3 0.0295439
0.566667 0.3 0.0291328
0.6 0.3 0.0284559
0.633333 0.3 0.027514
0.666667 0.3 0.0263078
0.7 0.3 0.0248384
0.733333 0.3 0.0231069
0.766667 0.3 0.0211145
0.8 0.3 0.0188627
0.833333 0.3 0.0163529
0.866667 0.3 0.013587
0.9 0.3 0.0105666
0.933333 0.3 0.00729394
0.966667 0.3 0.00377097
0.0333333 0.333333 0.00351854
0.0666667 0.333333 0.00680203
0.1 0.333333 0.00984885
0.133333 0.333333 0.0126575
0.166667 0.333333 0.0152266
0.2 0.333333 0.0175548
0.233333 0.333333 0.0196411
0.266667 0.333333 0.0214843
0.3 0.333333 0.0230837
0.333333 0.333333 0.0244383
0.366667 0.333333 0.0255475
0.4 0.333333 0.0264108
0.433333 0.333333 0.0270278
0.466667 0.333333 0.0273981
0.5 0.333333 0.0275215
0.533333 0.333333 0.0273981
0.566667 0.333333 0.0270278
0.6 0.333333 0.0264108
0.633333 0.333333 0.0255475
0.666667 0.333333 0.0244383
0.7 0.333333 0.0230837
0.733333 0.333333 0.0214843
0.766667 0.333333 0.0196411
0.8 0.333333 0.0175548
0.833333 0.333333 0.0152266
0.866667 0.333333 0.0126575
0.9 0.333333 0.00984885
0.933333 0.333333 0.00680203
0.966667 0.333333 0.00351854
0.0333333 0.366667 0.00308502
0.0666667 0.366667 0.00596558
0.1 0.366667 0.00864012
0.133333 0.366667 0.0111072
0.166667 0.366667 0.0133655
0.2 0.366667 0.0154137
0.233333 0.366667 0.0172508
0.266667 0.366667 0.0188755
0.3 0.366667 0.020287
0.333333 0.366667 0.0214843
0.366667 0.366667 0.0224668
0.4 0.366667 0.0232337
0.433333 0.366667 0.0237845
0.466667 0.366667 0.0241186
0.5 0.366667 0.0242358
0.533333 0.366667 0.0241357
0.566667 0.366667 0.0238181
0.6 0.366667 0.023283
0.633333 0.366667 0.0225304
0.666667 0.366667 0.0215603
0.7 0.366667 0.0203732
0.733333 0.366667 0.0189691
0.766667 0.366667 0.0173486
0.8 0.366667 0.0155121
0.833333 0.366667 0.0134604
0.866667 0.366667 0.011194
0.9 0.366667 0.00871381
0.933333 0.366667 0.00602073
0.966667 0.366667 0.00311576
0.0333333 0.4 0.002514
0.0666667 0.4 0.0048628
0.1 0.4 0.00704501
0.133333 0.4 0.00905932
0.166667 0.4 0.0109045
0.2 0.4 0.0125793
0.233333 0.4 0.0140827
0.266667 0.4 0.0154137
0.3 0.4 0.0165714
0.333333 0.4 0.0175548
0.366667 0.4 0.0183632
0.4 0.4 0.0189959
0.433333 0.4 0.0194523
0.466667 0.4 0.0197317
0.5 0.4 0.0198338
0.533333 0.4 0.0197582
0.566667 0.4 0.0195044
0.6 0.4 0.0190723
0.633333 0.4 0.0184618
0.666667 0.4 0.0176727
0.7 0.4 0.016705
0.733333 0.4 0.0155589
0.766667 0.4 0.0142344
0.8 0.4 0.0127319
0.833333 0.4 0.0110516
0.866667 0.4 0.00919386
0.9 0.4 0.00715927
0.933333 0.4 0.00494833
0.966667 0.4 0.00256167
0.0333333 0.433333 0.00180775
0.0666667 0.433333 0.0034978
0.1 0.433333 0.00506903
0.133333 0.433333 0.00652036
0.166667 0.433333 0.00785077
0.2 0.433333 0.00905932
0.233333 0.433333 0.0101451
0.266667 0.433333 0.0111072
0.3 0.433333 0.0119449
0.333333 0.433333 0.0126575
0.366667 0.433333 0.0132442
0.4 0.433333 0.0137045
0.433333 0.433333 0.0140377
0.466667 0.433333 0.0142434
0.5 0.433333 0.0143211
0.533333 0.433333 0.0142704
0.566667 0.433333 0.014091
0.6 0.433333 0.0137826
0.633333 0.433333 0.013345
0.666667 0.433333 0.0127781
0.7 0.433333 0.0120816
0.733333 0.433333 0.0112557
0.766667 0.433333 0.0103002
0.8 0.433333 0.00921538
0.833333 0.433333 0.00800123
0.866667 0.433333 0.00665799
0.9 0.433333 0.00518591
0.933333 0.433333 0.00358529
0.966667 0.433333 0.00185651
0.0333333 0.466667 0.000968812
0.0666667 0.466667 0.00187517
0.1 0.466667 0.00271838
0.133333 0.466667 0.0034978
0.166667 0.466667 0.00421281
0.2 0.466667 0.0048628
0.233333 0.466667 0.00544724
0.266667 0.466667 0.00596558
0.3 0.466667 0.00641733
0.333333 0.466667 0.00680203
0.366667 0.466667 0.00711926
0.4 0.466667 0.00736861
0.433333 0.466667 0.00754973
0.466667 0.466667 0.00766228
0.5 0.466667 0.00770597
0.533333 0.466667 0.00768053
0.566667 0.466667 0.00758574
0.6 0.466667 0.0074214
0.633333 0.466667 0.00718735
0.666667 0.466667 0.00688347
0.7 0.466667 0.00650965
0.733333 0.466667 0.00606584
0.766667 0.466667 0.00555202
0.8 0.466667 0.0049682
0.833333 0.466667 0.00431441
0.866667 0.466667 0.00359074
0.9 0.466667 0.0027973
0.933333 0.466667 0.00193424
0.966667 0.466667 0.00100173
